7.41,8.91,2.0,0.25,7.46,9.09,1.6,0.19,7.44,8.44,1.3,0.23,7.683106796116504,7.928944444444442,1.7392510402219137,0.19441666666666668,7.55,9.03,1.0,0.13
7.59,8.32,2.1,0.25,7.44,8.44,1.3,0.23,7.683106796116504,7.928944444444442,1.7392510402219137,0.19441666666666668,7.55,9.03,1.0,0.13,7.48,9.19,2.2,0.22
7.56,7.79,2.6,0.34,7.683106796116504,7.928944444444442,1.7392510402219137,0.19441666666666668,7.55,9.03,1.0,0.13,7.48,9.19,2.2,0.22,7.41,8.91,2.0,0.25
7.45,7.23,1.7,0.31,7.55,9.03,1.0,0.13,7.48,9.19,2.2,0.22,7.41,8.91,2.0,0.25,7.59,8.32,2.1,0.25
7.46,7.37,2.1,0.25,7.48,9.19,2.2,0.22,7.41,8.91,2.0,0.25,7.59,8.32,2.1,0.25,7.56,7.79,2.6,0.34
7.6,7.43,1.9,0.23,7.41,8.91,2.0,0.25,7.59,8.32,2.1,0.25,7.56,7.79,2.6,0.34,7.45,7.23,1.7,0.31
7.59,6.83,2.1,0.21,7.59,8.32,2.1,0.25,7.56,7.79,2.6,0.34,7.45,7.23,1.7,0.31,7.46,7.37,2.1,0.25
7.6,7.32,2.1,0.16,7.56,7.79,2.6,0.34,7.45,7.23,1.7,0.31,7.46,7.37,2.1,0.25,7.6,7.43,1.9,0.23
7.56,6.64,2.3,0.24,7.45,7.23,1.7,0.31,7.46,7.37,2.1,0.25,7.6,7.43,1.9,0.23,7.59,6.83,2.1,0.21
7.54,7.07,2.9,0.3,7.46,7.37,2.1,0.25,7.6,7.43,1.9,0.23,7.59,6.83,2.1,0.21,7.6,7.32,2.1,0.16
7.59,5.72,2.4,0.25,7.6,7.43,1.9,0.23,7.59,6.83,2.1,0.21,7.6,7.32,2.1,0.16,7.56,6.64,2.3,0.24
7.59,6.29,2.5,0.23,7.59,6.83,2.1,0.21,7.6,7.32,2.1,0.16,7.56,6.64,2.3,0.24,7.54,7.07,2.9,0.3
7.66,6.77,2.4,0.26,7.6,7.32,2.1,0.16,7.56,6.64,2.3,0.24,7.54,7.07,2.9,0.3,7.59,5.72,2.4,0.25
7.48,7.3,3.0,0.31,7.56,6.64,2.3,0.24,7.54,7.07,2.9,0.3,7.59,5.72,2.4,0.25,7.59,6.29,2.5,0.23
7.3,6.95,2.9,0.22,7.54,7.07,2.9,0.3,7.59,5.72,2.4,0.25,7.59,6.29,2.5,0.23,7.66,6.77,2.4,0.26
7.23,7.45,2.5,0.2,7.59,5.72,2.4,0.25,7.59,6.29,2.5,0.23,7.66,6.77,2.4,0.26,7.48,7.3,3.0,0.31
7.68,8.02,2.5,0.24,7.59,6.29,2.5,0.23,7.66,6.77,2.4,0.26,7.48,7.3,3.0,0.31,7.3,6.95,2.9,0.22
7.53,6.55,3.5,0.2,7.66,6.77,2.4,0.26,7.48,7.3,3.0,0.31,7.3,6.95,2.9,0.22,7.23,7.45,2.5,0.2
7.79,6.82,3.5,0.23,7.48,7.3,3.0,0.31,7.3,6.95,2.9,0.22,7.23,7.45,2.5,0.2,7.68,8.02,2.5,0.24
7.62,6.9,2.8,0.22,7.3,6.95,2.9,0.22,7.23,7.45,2.5,0.2,7.68,8.02,2.5,0.24,7.53,6.55,3.5,0.2
7.71,6.82,2.8,0.25,7.23,7.45,2.5,0.2,7.68,8.02,2.5,0.24,7.53,6.55,3.5,0.2,7.79,6.82,3.5,0.23
7.93,6.66,3.9,0.25,7.68,8.02,2.5,0.24,7.53,6.55,3.5,0.2,7.79,6.82,3.5,0.23,7.62,6.9,2.8,0.22
7.683106796116504,7.928944444444442,1.7392510402219137,0.19441666666666668,7.53,6.55,3.5,0.2,7.79,6.82,3.5,0.23,7.62,6.9,2.8,0.22,7.71,6.82,2.8,0.25
7.683106796116504,7.928944444444442,1.7392510402219137,0.19441666666666668,7.79,6.82,3.5,0.23,7.62,6.9,2.8,0.22,7.71,6.82,2.8,0.25,7.93,6.66,3.9,0.25
7.683106796116504,7.928944444444442,1.7392510402219137,0.19441666666666668,7.62,6.9,2.8,0.22,7.71,6.82,2.8,0.25,7.93,6.66,3.9,0.25,7.683106796116504,7.928944444444442,1.7392510402219137,0.19441666666666668
7.91,6.84,3.2,0.25,7.71,6.82,2.8,0.25,7.93,6.66,3.9,0.25,7.683106796116504,7.928944444444442,1.7392510402219137,0.19441666666666668,7.683106796116504,7.928944444444442,1.7392510402219137,0.19441666666666668
8.04,6.86,2.6,0.29,7.93,6.66,3.9,0.25,7.683106796116504,7.928944444444442,1.7392510402219137,0.19441666666666668,7.683106796116504,7.928944444444442,1.7392510402219137,0.19441666666666668,7.683106796116504,7.928944444444442,1.7392510402219137,0.19441666666666668
8.02,6.64,2.9,0.26,7.683106796116504,7.928944444444442,1.7392510402219137,0.19441666666666668,7.683106796116504,7.928944444444442,1.7392510402219137,0.19441666666666668,7.683106796116504,7.928944444444442,1.7392510402219137,0.19441666666666668,7.91,6.84,3.2,0.25
8.05,6.49,2.4,0.24,7.683106796116504,7.928944444444442,1.7392510402219137,0.19441666666666668,7.683106796116504,7.928944444444442,1.7392510402219137,0.19441666666666668,7.91,6.84,3.2,0.25,8.04,6.86,2.6,0.29
7.96,6.7,3.1,0.23,7.683106796116504,7.928944444444442,1.7392510402219137,0.19441666666666668,7.91,6.84,3.2,0.25,8.04,6.86,2.6,0.29,8.02,6.64,2.9,0.26
7.87,6.48,3.4,0.24,7.91,6.84,3.2,0.25,8.04,6.86,2.6,0.29,8.02,6.64,2.9,0.26,8.05,6.49,2.4,0.24
7.84,6.14,3.3,0.23,8.04,6.86,2.6,0.29,8.02,6.64,2.9,0.26,8.05,6.49,2.4,0.24,7.96,6.7,3.1,0.23
7.94,6.67,2.8,0.22,8.02,6.64,2.9,0.26,8.05,6.49,2.4,0.24,7.96,6.7,3.1,0.23,7.87,6.48,3.4,0.24
7.683106796116504,7.928944444444442,1.7392510402219137,0.19441666666666668,8.05,6.49,2.4,0.24,7.96,6.7,3.1,0.23,7.87,6.48,3.4,0.24,7.84,6.14,3.3,0.23
8.0,7.46,2.2,0.22,7.96,6.7,3.1,0.23,7.87,6.48,3.4,0.24,7.84,6.14,3.3,0.23,7.94,6.67,2.8,0.22
7.97,7.92,1.9,0.25,7.87,6.48,3.4,0.24,7.84,6.14,3.3,0.23,7.94,6.67,2.8,0.22,7.683106796116504,7.928944444444442,1.7392510402219137,0.19441666666666668
8.0,7.59,2.1,0.25,7.84,6.14,3.3,0.23,7.94,6.67,2.8,0.22,7.683106796116504,7.928944444444442,1.7392510402219137,0.19441666666666668,8.0,7.46,2.2,0.22
7.97,7.68,2.5,0.25,7.94,6.67,2.8,0.22,7.683106796116504,7.928944444444442,1.7392510402219137,0.19441666666666668,8.0,7.46,2.2,0.22,7.97,7.92,1.9,0.25
7.83,7.25,2.7,0.26,7.683106796116504,7.928944444444442,1.7392510402219137,0.19441666666666668,8.0,7.46,2.2,0.22,7.97,7.92,1.9,0.25,8.0,7.59,2.1,0.25
7.83,7.19,2.6,0.26,8.0,7.46,2.2,0.22,7.97,7.92,1.9,0.25,8.0,7.59,2.1,0.25,7.97,7.68,2.5,0.25
7.72,6.77,2.4,0.27,7.97,7.92,1.9,0.25,8.0,7.59,2.1,0.25,7.97,7.68,2.5,0.25,7.83,7.25,2.7,0.26
7.78,7.43,2.1,0.26,8.0,7.59,2.1,0.25,7.97,7.68,2.5,0.25,7.83,7.25,2.7,0.26,7.83,7.19,2.6,0.26
7.68,7.5,2.2,0.26,7.97,7.68,2.5,0.25,7.83,7.25,2.7,0.26,7.83,7.19,2.6,0.26,7.72,6.77,2.4,0.27
7.77,7.85,1.9,0.27,7.83,7.25,2.7,0.26,7.83,7.19,2.6,0.26,7.72,6.77,2.4,0.27,7.78,7.43,2.1,0.26
7.85,8.54,1.4,0.27,7.83,7.19,2.6,0.26,7.72,6.77,2.4,0.27,7.78,7.43,2.1,0.26,7.68,7.5,2.2,0.26
7.88,7.67,1.5,0.27,7.72,6.77,2.4,0.27,7.78,7.43,2.1,0.26,7.68,7.5,2.2,0.26,7.77,7.85,1.9,0.27
7.76,7.29,1.6,0.25,7.78,7.43,2.1,0.26,7.68,7.5,2.2,0.26,7.77,7.85,1.9,0.27,7.85,8.54,1.4,0.27
7.9,8.65,1.5,0.25,7.68,7.5,2.2,0.26,7.77,7.85,1.9,0.27,7.85,8.54,1.4,0.27,7.88,7.67,1.5,0.27
8.0,8.65,2.2,0.2,7.77,7.85,1.9,0.27,7.85,8.54,1.4,0.27,7.88,7.67,1.5,0.27,7.76,7.29,1.6,0.25
7.89,9.1,2.2,0.24,7.85,8.54,1.4,0.27,7.88,7.67,1.5,0.27,7.76,7.29,1.6,0.25,7.9,8.65,1.5,0.25
7.87,8.7,2.1,0.23,7.88,7.67,1.5,0.27,7.76,7.29,1.6,0.25,7.9,8.65,1.5,0.25,8.0,8.65,2.2,0.2
7.79,8.24,1.9,0.24,7.76,7.29,1.6,0.25,7.9,8.65,1.5,0.25,8.0,8.65,2.2,0.2,7.89,9.1,2.2,0.24
7.86,8.78,1.6,0.26,7.9,8.65,1.5,0.25,8.0,8.65,2.2,0.2,7.89,9.1,2.2,0.24,7.87,8.7,2.1,0.23
7.683106796116504,7.928944444444442,1.7392510402219137,0.19441666666666668,8.0,8.65,2.2,0.2,7.89,9.1,2.2,0.24,7.87,8.7,2.1,0.23,7.79,8.24,1.9,0.24
7.88,9.09,2.2,0.22,7.89,9.1,2.2,0.24,7.87,8.7,2.1,0.23,7.79,8.24,1.9,0.24,7.86,8.78,1.6,0.26
7.81,8.96,1.8,0.27,7.87,8.7,2.1,0.23,7.79,8.24,1.9,0.24,7.86,8.78,1.6,0.26,7.683106796116504,7.928944444444442,1.7392510402219137,0.19441666666666668
7.63,8.9,1.7,0.28,7.79,8.24,1.9,0.24,7.86,8.78,1.6,0.26,7.683106796116504,7.928944444444442,1.7392510402219137,0.19441666666666668,7.88,9.09,2.2,0.22
7.7,8.11,2.4,0.29,7.86,8.78,1.6,0.26,7.683106796116504,7.928944444444442,1.7392510402219137,0.19441666666666668,7.88,9.09,2.2,0.22,7.81,8.96,1.8,0.27
7.72,7.58,2.2,0.27,7.683106796116504,7.928944444444442,1.7392510402219137,0.19441666666666668,7.88,9.09,2.2,0.22,7.81,8.96,1.8,0.27,7.63,8.9,1.7,0.28
7.67,6.62,2.2,0.27,7.88,9.09,2.2,0.22,7.81,8.96,1.8,0.27,7.63,8.9,1.7,0.28,7.7,8.11,2.4,0.29
7.67,7.6,2.6,0.32,7.81,8.96,1.8,0.27,7.63,8.9,1.7,0.28,7.7,8.11,2.4,0.29,7.72,7.58,2.2,0.27
7.7,7.26,2.7,0.31,7.63,8.9,1.7,0.28,7.7,8.11,2.4,0.29,7.72,7.58,2.2,0.27,7.67,6.62,2.2,0.27
7.53,7.39,2.2,0.31,7.7,8.11,2.4,0.29,7.72,7.58,2.2,0.27,7.67,6.62,2.2,0.27,7.67,7.6,2.6,0.32
7.43,6.91,2.5,0.24,7.72,7.58,2.2,0.27,7.67,6.62,2.2,0.27,7.67,7.6,2.6,0.32,7.7,7.26,2.7,0.31
7.56,6.5,2.2,0.25,7.67,6.62,2.2,0.27,7.67,7.6,2.6,0.32,7.7,7.26,2.7,0.31,7.53,7.39,2.2,0.31
7.6,6.23,2.3,0.21,7.67,7.6,2.6,0.32,7.7,7.26,2.7,0.31,7.53,7.39,2.2,0.31,7.43,6.91,2.5,0.24
7.41,6.41,2.2,0.3,7.7,7.26,2.7,0.31,7.53,7.39,2.2,0.31,7.43,6.91,2.5,0.24,7.56,6.5,2.2,0.25
7.49,6.41,3.0,0.31,7.53,7.39,2.2,0.31,7.43,6.91,2.5,0.24,7.56,6.5,2.2,0.25,7.6,6.23,2.3,0.21
7.4,6.68,3.4,0.32,7.43,6.91,2.5,0.24,7.56,6.5,2.2,0.25,7.6,6.23,2.3,0.21,7.41,6.41,2.2,0.3
7.44,6.53,2.7,0.31,7.56,6.5,2.2,0.25,7.6,6.23,2.3,0.21,7.41,6.41,2.2,0.3,7.49,6.41,3.0,0.31
7.51,5.4,1.9,0.22,7.6,6.23,2.3,0.21,7.41,6.41,2.2,0.3,7.49,6.41,3.0,0.31,7.4,6.68,3.4,0.32
7.43,6.8,2.5,0.24,7.41,6.41,2.2,0.3,7.49,6.41,3.0,0.31,7.4,6.68,3.4,0.32,7.44,6.53,2.7,0.31
7.683106796116504,7.928944444444442,1.7392510402219137,0.19441666666666668,7.49,6.41,3.0,0.31,7.4,6.68,3.4,0.32,7.44,6.53,2.7,0.31,7.51,5.4,1.9,0.22
7.1,6.7,2.6,0.22,7.4,6.68,3.4,0.32,7.44,6.53,2.7,0.31,7.51,5.4,1.9,0.22,7.43,6.8,2.5,0.24
7.79,6.6,1.8,0.27,7.44,6.53,2.7,0.31,7.51,5.4,1.9,0.22,7.43,6.8,2.5,0.24,7.683106796116504,7.928944444444442,1.7392510402219137,0.19441666666666668
7.56,6.6,2.1,0.21,7.51,5.4,1.9,0.22,7.43,6.8,2.5,0.24,7.683106796116504,7.928944444444442,1.7392510402219137,0.19441666666666668,7.1,6.7,2.6,0.22
7.79,6.4,1.6,0.22,7.43,6.8,2.5,0.24,7.683106796116504,7.928944444444442,1.7392510402219137,0.19441666666666668,7.1,6.7,2.6,0.22,7.79,6.6,1.8,0.27
7.66,6.13,1.8,0.21,7.683106796116504,7.928944444444442,1.7392510402219137,0.19441666666666668,7.1,6.7,2.6,0.22,7.79,6.6,1.8,0.27,7.56,6.6,2.1,0.21
7.69,6.1,1.7,0.23,7.1,6.7,2.6,0.22,7.79,6.6,1.8,0.27,7.56,6.6,2.1,0.21,7.79,6.4,1.6,0.22
7.5,6.53,1.8,0.28,7.79,6.6,1.8,0.27,7.56,6.6,2.1,0.21,7.79,6.4,1.6,0.22,7.66,6.13,1.8,0.21
7.3,6.4,1.6,0.17,7.56,6.6,2.1,0.21,7.79,6.4,1.6,0.22,7.66,6.13,1.8,0.21,7.69,6.1,1.7,0.23
7.77,6.3,1.6,0.25,7.79,6.4,1.6,0.22,7.66,6.13,1.8,0.21,7.69,6.1,1.7,0.23,7.5,6.53,1.8,0.28
7.84,6.0,1.9,0.23,7.66,6.13,1.8,0.21,7.69,6.1,1.7,0.23,7.5,6.53,1.8,0.28,7.3,6.4,1.6,0.17
7.86,6.74,2.6,0.24,7.69,6.1,1.7,0.23,7.5,6.53,1.8,0.28,7.3,6.4,1.6,0.17,7.77,6.3,1.6,0.25
8.04,7.21,2.7,0.25,7.5,6.53,1.8,0.28,7.3,6.4,1.6,0.17,7.77,6.3,1.6,0.25,7.84,6.0,1.9,0.23
7.88,7.12,2.1,0.25,7.3,6.4,1.6,0.17,7.77,6.3,1.6,0.25,7.84,6.0,1.9,0.23,7.86,6.74,2.6,0.24
7.66,6.68,2.0,0.23,7.77,6.3,1.6,0.25,7.84,6.0,1.9,0.23,7.86,6.74,2.6,0.24,8.04,7.21,2.7,0.25
7.87,7.02,2.1,0.27,7.84,6.0,1.9,0.23,7.86,6.74,2.6,0.24,8.04,7.21,2.7,0.25,7.88,7.12,2.1,0.25
7.84,7.28,2.9,0.28,7.86,6.74,2.6,0.24,8.04,7.21,2.7,0.25,7.88,7.12,2.1,0.25,7.66,6.68,2.0,0.23
7.72,7.05,1.9,0.23,8.04,7.21,2.7,0.25,7.88,7.12,2.1,0.25,7.66,6.68,2.0,0.23,7.87,7.02,2.1,0.27
7.68,7.39,2.5,0.25,7.88,7.12,2.1,0.25,7.66,6.68,2.0,0.23,7.87,7.02,2.1,0.27,7.84,7.28,2.9,0.28
7.89,7.18,2.4,0.33,7.66,6.68,2.0,0.23,7.87,7.02,2.1,0.27,7.84,7.28,2.9,0.28,7.72,7.05,1.9,0.23
7.96,6.62,2.7,0.31,7.87,7.02,2.1,0.27,7.84,7.28,2.9,0.28,7.72,7.05,1.9,0.23,7.68,7.39,2.5,0.25
7.74,6.98,1.9,0.26,7.84,7.28,2.9,0.28,7.72,7.05,1.9,0.23,7.68,7.39,2.5,0.25,7.89,7.18,2.4,0.33
7.93,7.52,1.5,0.24,7.72,7.05,1.9,0.23,7.68,7.39,2.5,0.25,7.89,7.18,2.4,0.33,7.96,6.62,2.7,0.31
7.53,9.15,1.5,0.22,7.68,7.39,2.5,0.25,7.89,7.18,2.4,0.33,7.96,6.62,2.7,0.31,7.74,6.98,1.9,0.26
7.58,9.11,1.7,0.23,7.89,7.18,2.4,0.33,7.96,6.62,2.7,0.31,7.74,6.98,1.9,0.26,7.93,7.52,1.5,0.24
7.58,9.23,1.6,0.2,7.96,6.62,2.7,0.31,7.74,6.98,1.9,0.26,7.93,7.52,1.5,0.24,7.53,9.15,1.5,0.22
7.56,9.62,1.9,0.22,7.74,6.98,1.9,0.26,7.93,7.52,1.5,0.24,7.53,9.15,1.5,0.22,7.58,9.11,1.7,0.23
7.54,9.02,1.7,0.26,7.93,7.52,1.5,0.24,7.53,9.15,1.5,0.22,7.58,9.11,1.7,0.23,7.58,9.23,1.6,0.2
7.58,8.54,2.0,0.31,7.53,9.15,1.5,0.22,7.58,9.11,1.7,0.23,7.58,9.23,1.6,0.2,7.56,9.62,1.9,0.22
7.88,8.96,2.4,0.29,7.58,9.11,1.7,0.23,7.58,9.23,1.6,0.2,7.56,9.62,1.9,0.22,7.54,9.02,1.7,0.26
8.1,8.49,2.2,0.19,7.58,9.23,1.6,0.2,7.56,9.62,1.9,0.22,7.54,9.02,1.7,0.26,7.58,8.54,2.0,0.31
8.09,9.55,1.9,0.14,7.56,9.62,1.9,0.22,7.54,9.02,1.7,0.26,7.58,8.54,2.0,0.31,7.88,8.96,2.4,0.29
8.2,9.07,1.8,0.13,7.54,9.02,1.7,0.26,7.58,8.54,2.0,0.31,7.88,8.96,2.4,0.29,8.1,8.49,2.2,0.19
8.06,8.75,2.0,0.23,7.58,8.54,2.0,0.31,7.88,8.96,2.4,0.29,8.1,8.49,2.2,0.19,8.09,9.55,1.9,0.14
7.87,8.97,2.6,0.2,7.88,8.96,2.4,0.29,8.1,8.49,2.2,0.19,8.09,9.55,1.9,0.14,8.2,9.07,1.8,0.13
7.78,8.24,2.1,0.22,8.1,8.49,2.2,0.19,8.09,9.55,1.9,0.14,8.2,9.07,1.8,0.13,8.06,8.75,2.0,0.23
7.6,8.85,1.9,0.2,8.09,9.55,1.9,0.14,8.2,9.07,1.8,0.13,8.06,8.75,2.0,0.23,7.87,8.97,2.6,0.2
7.77,8.25,2.1,0.3,8.2,9.07,1.8,0.13,8.06,8.75,2.0,0.23,7.87,8.97,2.6,0.2,7.78,8.24,2.1,0.22
7.72,8.56,1.6,0.23,8.06,8.75,2.0,0.23,7.87,8.97,2.6,0.2,7.78,8.24,2.1,0.22,7.6,8.85,1.9,0.2
7.94,8.14,1.6,0.24,7.87,8.97,2.6,0.2,7.78,8.24,2.1,0.22,7.6,8.85,1.9,0.2,7.77,8.25,2.1,0.3
8.0,8.06,2.1,0.23,7.78,8.24,2.1,0.22,7.6,8.85,1.9,0.2,7.77,8.25,2.1,0.3,7.72,8.56,1.6,0.23
7.74,7.23,2.2,0.25,7.6,8.85,1.9,0.2,7.77,8.25,2.1,0.3,7.72,8.56,1.6,0.23,7.94,8.14,1.6,0.24
8.05,8.21,2.2,0.23,7.77,8.25,2.1,0.3,7.72,8.56,1.6,0.23,7.94,8.14,1.6,0.24,8.0,8.06,2.1,0.23
7.7,8.65,1.7,0.19,7.72,8.56,1.6,0.23,7.94,8.14,1.6,0.24,8.0,8.06,2.1,0.23,7.74,7.23,2.2,0.25
7.683106796116504,7.928944444444442,1.7392510402219137,0.19441666666666668,7.94,8.14,1.6,0.24,8.0,8.06,2.1,0.23,7.74,7.23,2.2,0.25,8.05,8.21,2.2,0.23
7.45,6.78,1.7,0.19,8.0,8.06,2.1,0.23,7.74,7.23,2.2,0.25,8.05,8.21,2.2,0.23,7.7,8.65,1.7,0.19
7.68,7.01,1.9,0.25,7.74,7.23,2.2,0.25,8.05,8.21,2.2,0.23,7.7,8.65,1.7,0.19,7.683106796116504,7.928944444444442,1.7392510402219137,0.19441666666666668
7.48,7.05,2.7,0.28,8.05,8.21,2.2,0.23,7.7,8.65,1.7,0.19,7.683106796116504,7.928944444444442,1.7392510402219137,0.19441666666666668,7.45,6.78,1.7,0.19
7.32,7.41,1.6,0.24,7.7,8.65,1.7,0.19,7.683106796116504,7.928944444444442,1.7392510402219137,0.19441666666666668,7.45,6.78,1.7,0.19,7.68,7.01,1.9,0.25
7.38,7.24,1.9,0.29,7.683106796116504,7.928944444444442,1.7392510402219137,0.19441666666666668,7.45,6.78,1.7,0.19,7.68,7.01,1.9,0.25,7.48,7.05,2.7,0.28
8.0,7.31,1.5,0.24,7.45,6.78,1.7,0.19,7.68,7.01,1.9,0.25,7.48,7.05,2.7,0.28,7.32,7.41,1.6,0.24
7.85,7.37,1.7,0.25,7.68,7.01,1.9,0.25,7.48,7.05,2.7,0.28,7.32,7.41,1.6,0.24,7.38,7.24,1.9,0.29
7.41,7.08,3.7,0.24,7.48,7.05,2.7,0.28,7.32,7.41,1.6,0.24,7.38,7.24,1.9,0.29,8.0,7.31,1.5,0.24
7.47,6.95,3.2,0.22,7.32,7.41,1.6,0.24,7.38,7.24,1.9,0.29,8.0,7.31,1.5,0.24,7.85,7.37,1.7,0.25
7.42,6.25,3.2,0.23,7.38,7.24,1.9,0.29,8.0,7.31,1.5,0.24,7.85,7.37,1.7,0.25,7.41,7.08,3.7,0.24
7.54,6.93,2.8,0.2,8.0,7.31,1.5,0.24,7.85,7.37,1.7,0.25,7.41,7.08,3.7,0.24,7.47,6.95,3.2,0.22
7.63,6.85,2.7,0.2,7.85,7.37,1.7,0.25,7.41,7.08,3.7,0.24,7.47,6.95,3.2,0.22,7.42,6.25,3.2,0.23
7.86,6.43,3.3,0.19,7.41,7.08,3.7,0.24,7.47,6.95,3.2,0.22,7.42,6.25,3.2,0.23,7.54,6.93,2.8,0.2
7.81,6.25,1.8,0.23,7.47,6.95,3.2,0.22,7.42,6.25,3.2,0.23,7.54,6.93,2.8,0.2,7.63,6.85,2.7,0.2
7.81,6.0,1.9,0.23,7.42,6.25,3.2,0.23,7.54,6.93,2.8,0.2,7.63,6.85,2.7,0.2,7.86,6.43,3.3,0.19
7.96,6.1,1.9,0.2,7.54,6.93,2.8,0.2,7.63,6.85,2.7,0.2,7.86,6.43,3.3,0.19,7.81,6.25,1.8,0.23
7.86,6.25,2.0,0.2,7.63,6.85,2.7,0.2,7.86,6.43,3.3,0.19,7.81,6.25,1.8,0.23,7.81,6.0,1.9,0.23
7.8,6.2,1.8,0.2,7.86,6.43,3.3,0.19,7.81,6.25,1.8,0.23,7.81,6.0,1.9,0.23,7.96,6.1,1.9,0.2
8.01,6.05,1.6,0.26,7.81,6.25,1.8,0.23,7.81,6.0,1.9,0.23,7.96,6.1,1.9,0.2,7.86,6.25,2.0,0.2
8.1,6.7,1.8,0.2,7.81,6.0,1.9,0.23,7.96,6.1,1.9,0.2,7.86,6.25,2.0,0.2,7.8,6.2,1.8,0.2
7.31,7.83,1.5,0.2,7.96,6.1,1.9,0.2,7.86,6.25,2.0,0.2,7.8,6.2,1.8,0.2,8.01,6.05,1.6,0.26
7.46,7.83,1.7,0.16,7.86,6.25,2.0,0.2,7.8,6.2,1.8,0.2,8.01,6.05,1.6,0.26,8.1,6.7,1.8,0.2
7.23,7.45,1.9,0.22,7.8,6.2,1.8,0.2,8.01,6.05,1.6,0.26,8.1,6.7,1.8,0.2,7.31,7.83,1.5,0.2
7.26,7.26,1.5,0.28,8.01,6.05,1.6,0.26,8.1,6.7,1.8,0.2,7.31,7.83,1.5,0.2,7.46,7.83,1.7,0.16
7.28,7.01,1.3,0.26,8.1,6.7,1.8,0.2,7.31,7.83,1.5,0.2,7.46,7.83,1.7,0.16,7.23,7.45,1.9,0.22
7.4,7.21,2.0,0.25,7.31,7.83,1.5,0.2,7.46,7.83,1.7,0.16,7.23,7.45,1.9,0.22,7.26,7.26,1.5,0.28
7.43,7.67,1.7,0.22,7.46,7.83,1.7,0.16,7.23,7.45,1.9,0.22,7.26,7.26,1.5,0.28,7.28,7.01,1.3,0.26
7.43,8.04,2.7,0.25,7.23,7.45,1.9,0.22,7.26,7.26,1.5,0.28,7.28,7.01,1.3,0.26,7.4,7.21,2.0,0.25
7.43,7.9,3.3,0.25,7.26,7.26,1.5,0.28,7.28,7.01,1.3,0.26,7.4,7.21,2.0,0.25,7.43,7.67,1.7,0.22
7.29,7.35,3.2,0.25,7.28,7.01,1.3,0.26,7.4,7.21,2.0,0.25,7.43,7.67,1.7,0.22,7.43,8.04,2.7,0.25
7.28,7.99,1.6,0.26,7.4,7.21,2.0,0.25,7.43,7.67,1.7,0.22,7.43,8.04,2.7,0.25,7.43,7.9,3.3,0.25
7.33,7.82,1.7,0.25,7.43,7.67,1.7,0.22,7.43,8.04,2.7,0.25,7.43,7.9,3.3,0.25,7.29,7.35,3.2,0.25
7.33,8.44,1.3,0.25,7.43,8.04,2.7,0.25,7.43,7.9,3.3,0.25,7.29,7.35,3.2,0.25,7.28,7.99,1.6,0.26
7.32,8.97,1.4,0.24,7.43,7.9,3.3,0.25,7.29,7.35,3.2,0.25,7.28,7.99,1.6,0.26,7.33,7.82,1.7,0.25
7.683106796116504,7.928944444444442,1.7392510402219137,0.19441666666666668,7.29,7.35,3.2,0.25,7.28,7.99,1.6,0.26,7.33,7.82,1.7,0.25,7.33,8.44,1.3,0.25
7.31,9.0,1.9,0.27,7.28,7.99,1.6,0.26,7.33,7.82,1.7,0.25,7.33,8.44,1.3,0.25,7.32,8.97,1.4,0.24
7.3,9.0,1.7,0.25,7.33,7.82,1.7,0.25,7.33,8.44,1.3,0.25,7.32,8.97,1.4,0.24,7.683106796116504,7.928944444444442,1.7392510402219137,0.19441666666666668
7.27,8.73,2.4,0.27,7.33,8.44,1.3,0.25,7.32,8.97,1.4,0.24,7.683106796116504,7.928944444444442,1.7392510402219137,0.19441666666666668,7.31,9.0,1.9,0.27
7.26,9.07,1.7,0.27,7.32,8.97,1.4,0.24,7.683106796116504,7.928944444444442,1.7392510402219137,0.19441666666666668,7.31,9.0,1.9,0.27,7.3,9.0,1.7,0.25
7.3,9.08,2.0,0.26,7.683106796116504,7.928944444444442,1.7392510402219137,0.19441666666666668,7.31,9.0,1.9,0.27,7.3,9.0,1.7,0.25,7.27,8.73,2.4,0.27
7.29,8.21,1.1,0.32,7.31,9.0,1.9,0.27,7.3,9.0,1.7,0.25,7.27,8.73,2.4,0.27,7.26,9.07,1.7,0.27
7.3,8.02,1.3,0.28,7.3,9.0,1.7,0.25,7.27,8.73,2.4,0.27,7.26,9.07,1.7,0.27,7.3,9.08,2.0,0.26
7.27,8.71,1.2,0.29,7.27,8.73,2.4,0.27,7.26,9.07,1.7,0.27,7.3,9.08,2.0,0.26,7.29,8.21,1.1,0.32
7.14,8.34,1.3,0.28,7.26,9.07,1.7,0.27,7.3,9.08,2.0,0.26,7.29,8.21,1.1,0.32,7.3,8.02,1.3,0.28
7.06,9.31,1.4,0.28,7.3,9.08,2.0,0.26,7.29,8.21,1.1,0.32,7.3,8.02,1.3,0.28,7.27,8.71,1.2,0.29
7.17,8.68,1.2,0.28,7.29,8.21,1.1,0.32,7.3,8.02,1.3,0.28,7.27,8.71,1.2,0.29,7.14,8.34,1.3,0.28
7.19,8.79,1.4,0.26,7.3,8.02,1.3,0.28,7.27,8.71,1.2,0.29,7.14,8.34,1.3,0.28,7.06,9.31,1.4,0.28
7.21,8.01,1.2,0.26,7.27,8.71,1.2,0.29,7.14,8.34,1.3,0.28,7.06,9.31,1.4,0.28,7.17,8.68,1.2,0.28
7.11,9.12,1.6,0.25,7.14,8.34,1.3,0.28,7.06,9.31,1.4,0.28,7.17,8.68,1.2,0.28,7.19,8.79,1.4,0.26
7.16,8.64,2.1,0.26,7.06,9.31,1.4,0.28,7.17,8.68,1.2,0.28,7.19,8.79,1.4,0.26,7.21,8.01,1.2,0.26
7.5,8.11,1.5,0.17,7.17,8.68,1.2,0.28,7.19,8.79,1.4,0.26,7.21,8.01,1.2,0.26,7.11,9.12,1.6,0.25
6.81,7.04,1.4,0.32,7.19,8.79,1.4,0.26,7.21,8.01,1.2,0.26,7.11,9.12,1.6,0.25,7.16,8.64,2.1,0.26
6.79,7.23,1.6,0.34,7.21,8.01,1.2,0.26,7.11,9.12,1.6,0.25,7.16,8.64,2.1,0.26,7.5,8.11,1.5,0.17
6.86,7.08,1.2,0.31,7.11,9.12,1.6,0.25,7.16,8.64,2.1,0.26,7.5,8.11,1.5,0.17,6.81,7.04,1.4,0.32
6.96,6.84,1.1,0.31,7.16,8.64,2.1,0.26,7.5,8.11,1.5,0.17,6.81,7.04,1.4,0.32,6.79,7.23,1.6,0.34
6.83,7.65,1.4,0.28,7.5,8.11,1.5,0.17,6.81,7.04,1.4,0.32,6.79,7.23,1.6,0.34,6.86,7.08,1.2,0.31
6.55,7.6,1.3,0.28,6.81,7.04,1.4,0.32,6.79,7.23,1.6,0.34,6.86,7.08,1.2,0.31,6.96,6.84,1.1,0.31
6.54,7.62,1.8,0.31,6.79,7.23,1.6,0.34,6.86,7.08,1.2,0.31,6.96,6.84,1.1,0.31,6.83,7.65,1.4,0.28
6.56,6.64,1.8,0.28,6.86,7.08,1.2,0.31,6.96,6.84,1.1,0.31,6.83,7.65,1.4,0.28,6.55,7.6,1.3,0.28
6.77,6.24,1.6,0.25,6.96,6.84,1.1,0.31,6.83,7.65,1.4,0.28,6.55,7.6,1.3,0.28,6.54,7.62,1.8,0.31
7.04,6.4,1.5,0.23,6.83,7.65,1.4,0.28,6.55,7.6,1.3,0.28,6.54,7.62,1.8,0.31,6.56,6.64,1.8,0.28
7.92,5.99,1.4,0.29,6.55,7.6,1.3,0.28,6.54,7.62,1.8,0.31,6.56,6.64,1.8,0.28,6.77,6.24,1.6,0.25
7.81,6.01,1.5,0.28,6.54,7.62,1.8,0.31,6.56,6.64,1.8,0.28,6.77,6.24,1.6,0.25,7.04,6.4,1.5,0.23
7.89,6.1,1.5,0.28,6.56,6.64,1.8,0.28,6.77,6.24,1.6,0.25,7.04,6.4,1.5,0.23,7.92,5.99,1.4,0.29
7.82,6.1,1.5,0.28,6.77,6.24,1.6,0.25,7.04,6.4,1.5,0.23,7.92,5.99,1.4,0.29,7.81,6.01,1.5,0.28
7.81,6.1,1.5,0.26,7.04,6.4,1.5,0.23,7.92,5.99,1.4,0.29,7.81,6.01,1.5,0.28,7.89,6.1,1.5,0.28
7.37,5.41,1.3,0.25,7.92,5.99,1.4,0.29,7.81,6.01,1.5,0.28,7.89,6.1,1.5,0.28,7.82,6.1,1.5,0.28
7.22,5.47,1.7,0.35,7.81,6.01,1.5,0.28,7.89,6.1,1.5,0.28,7.82,6.1,1.5,0.28,7.81,6.1,1.5,0.26
7.19,5.65,1.2,0.38,7.89,6.1,1.5,0.28,7.82,6.1,1.5,0.28,7.81,6.1,1.5,0.26,7.37,5.41,1.3,0.25
7.03,5.38,1.5,0.37,7.82,6.1,1.5,0.28,7.81,6.1,1.5,0.26,7.37,5.41,1.3,0.25,7.22,5.47,1.7,0.35
7.02,6.62,1.4,0.3,7.81,6.1,1.5,0.26,7.37,5.41,1.3,0.25,7.22,5.47,1.7,0.35,7.19,5.65,1.2,0.38
7.09,10.2,1.5,0.13,7.37,5.41,1.3,0.25,7.22,5.47,1.7,0.35,7.19,5.65,1.2,0.38,7.03,5.38,1.5,0.37
7.1,11.4,1.1,0.17,7.22,5.47,1.7,0.35,7.19,5.65,1.2,0.38,7.03,5.38,1.5,0.37,7.02,6.62,1.4,0.3
7.13,8.76,1.4,0.23,7.19,5.65,1.2,0.38,7.03,5.38,1.5,0.37,7.02,6.62,1.4,0.3,7.09,10.2,1.5,0.13
7.23,10.7,1.6,0.25,7.03,5.38,1.5,0.37,7.02,6.62,1.4,0.3,7.09,10.2,1.5,0.13,7.1,11.4,1.1,0.17
7.1,5.14,1.5,0.36,7.02,6.62,1.4,0.3,7.09,10.2,1.5,0.13,7.1,11.4,1.1,0.17,7.13,8.76,1.4,0.23
6.73,10.4,1.5,0.38,7.09,10.2,1.5,0.13,7.1,11.4,1.1,0.17,7.13,8.76,1.4,0.23,7.23,10.7,1.6,0.25
6.8,11.0,1.1,0.16,7.1,11.4,1.1,0.17,7.13,8.76,1.4,0.23,7.23,10.7,1.6,0.25,7.1,5.14,1.5,0.36
6.72,11.7,1.3,0.31,7.13,8.76,1.4,0.23,7.23,10.7,1.6,0.25,7.1,5.14,1.5,0.36,6.73,10.4,1.5,0.38
7.09,8.91,1.4,0.36,7.23,10.7,1.6,0.25,7.1,5.14,1.5,0.36,6.73,10.4,1.5,0.38,6.8,11.0,1.1,0.16
7.05,8.27,1.6,0.33,7.1,5.14,1.5,0.36,6.73,10.4,1.5,0.38,6.8,11.0,1.1,0.16,6.72,11.7,1.3,0.31
7.13,7.24,1.3,0.38,6.73,10.4,1.5,0.38,6.8,11.0,1.1,0.16,6.72,11.7,1.3,0.31,7.09,8.91,1.4,0.36
6.98,7.51,1.1,0.36,6.8,11.0,1.1,0.16,6.72,11.7,1.3,0.31,7.09,8.91,1.4,0.36,7.05,8.27,1.6,0.33
7.57,8.44,1.3,0.28,6.72,11.7,1.3,0.31,7.09,8.91,1.4,0.36,7.05,8.27,1.6,0.33,7.13,7.24,1.3,0.38
7.34,8.56,1.9,0.23,7.09,8.91,1.4,0.36,7.05,8.27,1.6,0.33,7.13,7.24,1.3,0.38,6.98,7.51,1.1,0.36
7.69,8.62,1.9,0.21,7.05,8.27,1.6,0.33,7.13,7.24,1.3,0.38,6.98,7.51,1.1,0.36,7.57,8.44,1.3,0.28
7.6,8.67,1.2,0.36,7.13,7.24,1.3,0.38,6.98,7.51,1.1,0.36,7.57,8.44,1.3,0.28,7.34,8.56,1.9,0.23
7.69,10.4,2.4,0.45,6.98,7.51,1.1,0.36,7.57,8.44,1.3,0.28,7.34,8.56,1.9,0.23,7.69,8.62,1.9,0.21
7.81,8.0,1.6,0.23,7.57,8.44,1.3,0.28,7.34,8.56,1.9,0.23,7.69,8.62,1.9,0.21,7.6,8.67,1.2,0.36
7.7,7.95,1.2,0.31,7.34,8.56,1.9,0.23,7.69,8.62,1.9,0.21,7.6,8.67,1.2,0.36,7.69,10.4,2.4,0.45
7.85,7.85,1.5,0.35,7.69,8.62,1.9,0.21,7.6,8.67,1.2,0.36,7.69,10.4,2.4,0.45,7.81,8.0,1.6,0.23
7.65,8.4,0.8,0.47,7.6,8.67,1.2,0.36,7.69,10.4,2.4,0.45,7.81,8.0,1.6,0.23,7.7,7.95,1.2,0.31
7.683106796116504,7.928944444444442,1.7392510402219137,0.19441666666666668,7.69,10.4,2.4,0.45,7.81,8.0,1.6,0.23,7.7,7.95,1.2,0.31,7.85,7.85,1.5,0.35
7.84,7.96,0.8,0.24,7.81,8.0,1.6,0.23,7.7,7.95,1.2,0.31,7.85,7.85,1.5,0.35,7.65,8.4,0.8,0.47
8.0,8.13,1.1,0.23,7.7,7.95,1.2,0.31,7.85,7.85,1.5,0.35,7.65,8.4,0.8,0.47,7.683106796116504,7.928944444444442,1.7392510402219137,0.19441666666666668
7.85,8.3,1.1,0.14,7.85,7.85,1.5,0.35,7.65,8.4,0.8,0.47,7.683106796116504,7.928944444444442,1.7392510402219137,0.19441666666666668,7.84,7.96,0.8,0.24
7.7,8.77,2.3,0.16,7.65,8.4,0.8,0.47,7.683106796116504,7.928944444444442,1.7392510402219137,0.19441666666666668,7.84,7.96,0.8,0.24,8.0,8.13,1.1,0.23
6.99,7.76,1.1,0.16,7.683106796116504,7.928944444444442,1.7392510402219137,0.19441666666666668,7.84,7.96,0.8,0.24,8.0,8.13,1.1,0.23,7.85,8.3,1.1,0.14
7.28,7.22,1.9,0.26,7.84,7.96,0.8,0.24,8.0,8.13,1.1,0.23,7.85,8.3,1.1,0.14,7.7,8.77,2.3,0.16
7.14,7.27,2.6,0.35,8.0,8.13,1.1,0.23,7.85,8.3,1.1,0.14,7.7,8.77,2.3,0.16,6.99,7.76,1.1,0.16
7.03,7.1,2.8,0.26,7.85,8.3,1.1,0.14,7.7,8.77,2.3,0.16,6.99,7.76,1.1,0.16,7.28,7.22,1.9,0.26
7.21,6.65,2.0,0.25,7.7,8.77,2.3,0.16,6.99,7.76,1.1,0.16,7.28,7.22,1.9,0.26,7.14,7.27,2.6,0.35
7.21,6.37,1.6,0.3,6.99,7.76,1.1,0.16,7.28,7.22,1.9,0.26,7.14,7.27,2.6,0.35,7.03,7.1,2.8,0.26
7.12,6.37,1.5,0.2,7.28,7.22,1.9,0.26,7.14,7.27,2.6,0.35,7.03,7.1,2.8,0.26,7.21,6.65,2.0,0.25
6.71,9.28,1.4,0.31,7.14,7.27,2.6,0.35,7.03,7.1,2.8,0.26,7.21,6.65,2.0,0.25,7.21,6.37,1.6,0.3
7.58,7.8,1.3,0.21,7.03,7.1,2.8,0.26,7.21,6.65,2.0,0.25,7.21,6.37,1.6,0.3,7.12,6.37,1.5,0.2
7.13,6.52,2.9,0.47,7.21,6.65,2.0,0.25,7.21,6.37,1.6,0.3,7.12,6.37,1.5,0.2,6.71,9.28,1.4,0.31
7.15,8.0,1.5,0.39,7.21,6.37,1.6,0.3,7.12,6.37,1.5,0.2,6.71,9.28,1.4,0.31,7.58,7.8,1.3,0.21
7.16,6.22,1.8,0.4,7.12,6.37,1.5,0.2,6.71,9.28,1.4,0.31,7.58,7.8,1.3,0.21,7.13,6.52,2.9,0.47
7.02,6.11,1.5,0.4,6.71,9.28,1.4,0.31,7.58,7.8,1.3,0.21,7.13,6.52,2.9,0.47,7.15,8.0,1.5,0.39
7.08,6.86,1.7,0.43,7.58,7.8,1.3,0.21,7.13,6.52,2.9,0.47,7.15,8.0,1.5,0.39,7.16,6.22,1.8,0.4
7.02,6.67,1.5,0.42,7.13,6.52,2.9,0.47,7.15,8.0,1.5,0.39,7.16,6.22,1.8,0.4,7.02,6.11,1.5,0.4
6.71,6.6,1.4,0.32,7.15,8.0,1.5,0.39,7.16,6.22,1.8,0.4,7.02,6.11,1.5,0.4,7.08,6.86,1.7,0.43
6.82,6.59,1.5,0.29,7.16,6.22,1.8,0.4,7.02,6.11,1.5,0.4,7.08,6.86,1.7,0.43,7.02,6.67,1.5,0.42
7.19,6.14,1.5,0.33,7.02,6.11,1.5,0.4,7.08,6.86,1.7,0.43,7.02,6.67,1.5,0.42,6.71,6.6,1.4,0.32
7.59,6.35,0.9,0.11,7.08,6.86,1.7,0.43,7.02,6.67,1.5,0.42,6.71,6.6,1.4,0.32,6.82,6.59,1.5,0.29
7.73,6.3,0.6,0.07,7.02,6.67,1.5,0.42,6.71,6.6,1.4,0.32,6.82,6.59,1.5,0.29,7.19,6.14,1.5,0.33
7.67,6.49,0.8,0.13,6.71,6.6,1.4,0.32,6.82,6.59,1.5,0.29,7.19,6.14,1.5,0.33,7.59,6.35,0.9,0.11
7.47,6.7,1.6,0.27,6.82,6.59,1.5,0.29,7.19,6.14,1.5,0.33,7.59,6.35,0.9,0.11,7.73,6.3,0.6,0.07
7.51,6.9,1.8,0.2,7.19,6.14,1.5,0.33,7.59,6.35,0.9,0.11,7.73,6.3,0.6,0.07,7.67,6.49,0.8,0.13
7.58,7.01,1.1,0.22,7.59,6.35,0.9,0.11,7.73,6.3,0.6,0.07,7.67,6.49,0.8,0.13,7.47,6.7,1.6,0.27
7.58,6.36,1.1,0.26,7.73,6.3,0.6,0.07,7.67,6.49,0.8,0.13,7.47,6.7,1.6,0.27,7.51,6.9,1.8,0.2
7.6,6.34,0.9,0.28,7.67,6.49,0.8,0.13,7.47,6.7,1.6,0.27,7.51,6.9,1.8,0.2,7.58,7.01,1.1,0.22
7.61,6.3,1.6,0.21,7.47,6.7,1.6,0.27,7.51,6.9,1.8,0.2,7.58,7.01,1.1,0.22,7.58,6.36,1.1,0.26
7.73,7.01,1.3,0.2,7.51,6.9,1.8,0.2,7.58,7.01,1.1,0.22,7.58,6.36,1.1,0.26,7.6,6.34,0.9,0.28
7.63,7.15,1.1,0.19,7.58,7.01,1.1,0.22,7.58,6.36,1.1,0.26,7.6,6.34,0.9,0.28,7.61,6.3,1.6,0.21
7.5,6.71,1.7,0.1,7.58,6.36,1.1,0.26,7.6,6.34,0.9,0.28,7.61,6.3,1.6,0.21,7.73,7.01,1.3,0.2
7.31,7.27,1.5,0.11,7.6,6.34,0.9,0.28,7.61,6.3,1.6,0.21,7.73,7.01,1.3,0.2,7.63,7.15,1.1,0.19
7.57,7.11,1.2,0.2,7.61,6.3,1.6,0.21,7.73,7.01,1.3,0.2,7.63,7.15,1.1,0.19,7.5,6.71,1.7,0.1
7.62,7.29,0.8,0.22,7.73,7.01,1.3,0.2,7.63,7.15,1.1,0.19,7.5,6.71,1.7,0.1,7.31,7.27,1.5,0.11
7.64,7.58,0.8,0.28,7.63,7.15,1.1,0.19,7.5,6.71,1.7,0.1,7.31,7.27,1.5,0.11,7.57,7.11,1.2,0.2
7.62,7.86,1.4,0.18,7.5,6.71,1.7,0.1,7.31,7.27,1.5,0.11,7.57,7.11,1.2,0.2,7.62,7.29,0.8,0.22
7.47,8.76,1.2,0.4,7.31,7.27,1.5,0.11,7.57,7.11,1.2,0.2,7.62,7.29,0.8,0.22,7.64,7.58,0.8,0.28
7.59,7.77,0.8,0.34,7.57,7.11,1.2,0.2,7.62,7.29,0.8,0.22,7.64,7.58,0.8,0.28,7.62,7.86,1.4,0.18
7.77,7.83,0.8,0.3,7.62,7.29,0.8,0.22,7.64,7.58,0.8,0.28,7.62,7.86,1.4,0.18,7.47,8.76,1.2,0.4
7.73,7.6,0.9,0.28,7.64,7.58,0.8,0.28,7.62,7.86,1.4,0.18,7.47,8.76,1.2,0.4,7.59,7.77,0.8,0.34
7.71,7.95,1.1,0.28,7.62,7.86,1.4,0.18,7.47,8.76,1.2,0.4,7.59,7.77,0.8,0.34,7.77,7.83,0.8,0.3
8.33,8.83,1.2,0.29,7.47,8.76,1.2,0.4,7.59,7.77,0.8,0.34,7.77,7.83,0.8,0.3,7.73,7.6,0.9,0.28
8.16,8.7,1.5,0.27,7.59,7.77,0.8,0.34,7.77,7.83,0.8,0.3,7.73,7.6,0.9,0.28,7.71,7.95,1.1,0.28
8.0,8.64,1.1,0.23,7.77,7.83,0.8,0.3,7.73,7.6,0.9,0.28,7.71,7.95,1.1,0.28,8.33,8.83,1.2,0.29
8.09,8.41,1.2,0.27,7.73,7.6,0.9,0.28,7.71,7.95,1.1,0.28,8.33,8.83,1.2,0.29,8.16,8.7,1.5,0.27
8.5,8.97,1.3,0.3,7.71,7.95,1.1,0.28,8.33,8.83,1.2,0.29,8.16,8.7,1.5,0.27,8.0,8.64,1.1,0.23
8.0,8.38,1.4,0.31,8.33,8.83,1.2,0.29,8.16,8.7,1.5,0.27,8.0,8.64,1.1,0.23,8.09,8.41,1.2,0.27
7.93,8.66,1.7,0.37,8.16,8.7,1.5,0.27,8.0,8.64,1.1,0.23,8.09,8.41,1.2,0.27,8.5,8.97,1.3,0.3
7.71,7.91,0.8,0.22,8.0,8.64,1.1,0.23,8.09,8.41,1.2,0.27,8.5,8.97,1.3,0.3,8.0,8.38,1.4,0.31
7.66,7.98,0.6,0.16,8.09,8.41,1.2,0.27,8.5,8.97,1.3,0.3,8.0,8.38,1.4,0.31,7.93,8.66,1.7,0.37
7.59,7.7,0.7,0.15,8.5,8.97,1.3,0.3,8.0,8.38,1.4,0.31,7.93,8.66,1.7,0.37,7.71,7.91,0.8,0.22
7.51,7.23,1.1,0.17,8.0,8.38,1.4,0.31,7.93,8.66,1.7,0.37,7.71,7.91,0.8,0.22,7.66,7.98,0.6,0.16
7.42,7.9,1.0,0.26,7.93,8.66,1.7,0.37,7.71,7.91,0.8,0.22,7.66,7.98,0.6,0.16,7.59,7.7,0.7,0.15
7.24,7.86,1.4,0.2,7.71,7.91,0.8,0.22,7.66,7.98,0.6,0.16,7.59,7.7,0.7,0.15,7.51,7.23,1.1,0.17
7.16,7.73,1.8,0.16,7.66,7.98,0.6,0.16,7.59,7.7,0.7,0.15,7.51,7.23,1.1,0.17,7.42,7.9,1.0,0.26
7.86,7.3,1.6,0.15,7.59,7.7,0.7,0.15,7.51,7.23,1.1,0.17,7.42,7.9,1.0,0.26,7.24,7.86,1.4,0.2
7.97,7.22,1.2,0.2,7.51,7.23,1.1,0.17,7.42,7.9,1.0,0.26,7.24,7.86,1.4,0.2,7.16,7.73,1.8,0.16
7.71,6.93,1.0,0.18,7.42,7.9,1.0,0.26,7.24,7.86,1.4,0.2,7.16,7.73,1.8,0.16,7.86,7.3,1.6,0.15
7.58,6.84,1.0,0.15,7.24,7.86,1.4,0.2,7.16,7.73,1.8,0.16,7.86,7.3,1.6,0.15,7.97,7.22,1.2,0.2
7.49,6.69,1.2,0.15,7.16,7.73,1.8,0.16,7.86,7.3,1.6,0.15,7.97,7.22,1.2,0.2,7.71,6.93,1.0,0.18
7.52,6.52,0.9,0.19,7.86,7.3,1.6,0.15,7.97,7.22,1.2,0.2,7.71,6.93,1.0,0.18,7.58,6.84,1.0,0.15
7.85,6.9,0.7,0.16,7.97,7.22,1.2,0.2,7.71,6.93,1.0,0.18,7.58,6.84,1.0,0.15,7.49,6.69,1.2,0.15
7.79,7.39,1.4,0.21,7.71,6.93,1.0,0.18,7.58,6.84,1.0,0.15,7.49,6.69,1.2,0.15,7.52,6.52,0.9,0.19
7.79,6.01,1.3,0.15,7.58,6.84,1.0,0.15,7.49,6.69,1.2,0.15,7.52,6.52,0.9,0.19,7.85,6.9,0.7,0.16
7.72,7.29,1.3,0.16,7.49,6.69,1.2,0.15,7.52,6.52,0.9,0.19,7.85,6.9,0.7,0.16,7.79,7.39,1.4,0.21
7.46,6.96,0.8,0.17,7.52,6.52,0.9,0.19,7.85,6.9,0.7,0.16,7.79,7.39,1.4,0.21,7.79,6.01,1.3,0.15
7.51,6.93,0.7,0.19,7.85,6.9,0.7,0.16,7.79,7.39,1.4,0.21,7.79,6.01,1.3,0.15,7.72,7.29,1.3,0.16
7.54,8.24,0.9,0.15,7.79,7.39,1.4,0.21,7.79,6.01,1.3,0.15,7.72,7.29,1.3,0.16,7.46,6.96,0.8,0.17
7.55,6.93,1.1,0.14,7.79,6.01,1.3,0.15,7.72,7.29,1.3,0.16,7.46,6.96,0.8,0.17,7.51,6.93,0.7,0.19
7.29,7.13,1.4,0.14,7.72,7.29,1.3,0.16,7.46,6.96,0.8,0.17,7.51,6.93,0.7,0.19,7.54,8.24,0.9,0.15
6.96,6.91,1.2,0.19,7.46,6.96,0.8,0.17,7.51,6.93,0.7,0.19,7.54,8.24,0.9,0.15,7.55,6.93,1.1,0.14
7.22,7.14,0.9,0.19,7.51,6.93,0.7,0.19,7.54,8.24,0.9,0.15,7.55,6.93,1.1,0.14,7.29,7.13,1.4,0.14
7.16,7.01,1.4,0.13,7.54,8.24,0.9,0.15,7.55,6.93,1.1,0.14,7.29,7.13,1.4,0.14,6.96,6.91,1.2,0.19
7.79,7.19,1.0,0.25,7.55,6.93,1.1,0.14,7.29,7.13,1.4,0.14,6.96,6.91,1.2,0.19,7.22,7.14,0.9,0.19
7.43,7.32,1.2,0.05,7.29,7.13,1.4,0.14,6.96,6.91,1.2,0.19,7.22,7.14,0.9,0.19,7.16,7.01,1.4,0.13
7.44,6.94,1.1,0.16,6.96,6.91,1.2,0.19,7.22,7.14,0.9,0.19,7.16,7.01,1.4,0.13,7.79,7.19,1.0,0.25
7.63,7.52,1.1,0.13,7.22,7.14,0.9,0.19,7.16,7.01,1.4,0.13,7.79,7.19,1.0,0.25,7.43,7.32,1.2,0.05
7.73,7.11,1.1,0.16,7.16,7.01,1.4,0.13,7.79,7.19,1.0,0.25,7.43,7.32,1.2,0.05,7.44,6.94,1.1,0.16
7.73,7.51,1.1,0.22,7.79,7.19,1.0,0.25,7.43,7.32,1.2,0.05,7.44,6.94,1.1,0.16,7.63,7.52,1.1,0.13
7.63,7.02,0.8,0.23,7.43,7.32,1.2,0.05,7.44,6.94,1.1,0.16,7.63,7.52,1.1,0.13,7.73,7.11,1.1,0.16
7.21,6.8,1.0,0.21,7.44,6.94,1.1,0.16,7.63,7.52,1.1,0.13,7.73,7.11,1.1,0.16,7.73,7.51,1.1,0.22
7.35,7.59,0.9,0.25,7.63,7.52,1.1,0.13,7.73,7.11,1.1,0.16,7.73,7.51,1.1,0.22,7.63,7.02,0.8,0.23
7.21,7.6,1.0,0.42,7.73,7.11,1.1,0.16,7.73,7.51,1.1,0.22,7.63,7.02,0.8,0.23,7.21,6.8,1.0,0.21
7.73,7.72,1.0,0.27,7.73,7.51,1.1,0.22,7.63,7.02,0.8,0.23,7.21,6.8,1.0,0.21,7.35,7.59,0.9,0.25
7.89,7.97,1.2,0.21,7.63,7.02,0.8,0.23,7.21,6.8,1.0,0.21,7.35,7.59,0.9,0.25,7.21,7.6,1.0,0.42
7.62,7.27,1.2,0.24,7.21,6.8,1.0,0.21,7.35,7.59,0.9,0.25,7.21,7.6,1.0,0.42,7.73,7.72,1.0,0.27
7.61,8.27,1.1,0.26,7.35,7.59,0.9,0.25,7.21,7.6,1.0,0.42,7.73,7.72,1.0,0.27,7.89,7.97,1.2,0.21
7.7,7.81,0.8,0.37,7.21,7.6,1.0,0.42,7.73,7.72,1.0,0.27,7.89,7.97,1.2,0.21,7.62,7.27,1.2,0.24
7.66,7.29,0.9,0.21,7.73,7.72,1.0,0.27,7.89,7.97,1.2,0.21,7.62,7.27,1.2,0.24,7.61,8.27,1.1,0.26
7.66,9.24,1.2,0.33,7.89,7.97,1.2,0.21,7.62,7.27,1.2,0.24,7.61,8.27,1.1,0.26,7.7,7.81,0.8,0.37
7.77,7.89,1.1,0.2,7.62,7.27,1.2,0.24,7.61,8.27,1.1,0.26,7.7,7.81,0.8,0.37,7.66,7.29,0.9,0.21
7.55,8.7,1.0,0.27,7.61,8.27,1.1,0.26,7.7,7.81,0.8,0.37,7.66,7.29,0.9,0.21,7.66,9.24,1.2,0.33
7.62,8.29,0.9,0.43,7.7,7.81,0.8,0.37,7.66,7.29,0.9,0.21,7.66,9.24,1.2,0.33,7.77,7.89,1.1,0.2
7.11,7.75,2.0,0.12,7.66,7.29,0.9,0.21,7.66,9.24,1.2,0.33,7.77,7.89,1.1,0.2,7.55,8.7,1.0,0.27
7.683106796116504,7.928944444444442,1.7392510402219137,0.19441666666666668,7.66,9.24,1.2,0.33,7.77,7.89,1.1,0.2,7.55,8.7,1.0,0.27,7.62,8.29,0.9,0.43
7.78,8.34,2.2,0.06,7.77,7.89,1.1,0.2,7.55,8.7,1.0,0.27,7.62,8.29,0.9,0.43,7.11,7.75,2.0,0.12
7.78,9.54,2.0,0.07,7.55,8.7,1.0,0.27,7.62,8.29,0.9,0.43,7.11,7.75,2.0,0.12,7.683106796116504,7.928944444444442,1.7392510402219137,0.19441666666666668
7.8,8.86,2.9,0.06,7.62,8.29,0.9,0.43,7.11,7.75,2.0,0.12,7.683106796116504,7.928944444444442,1.7392510402219137,0.19441666666666668,7.78,8.34,2.2,0.06
7.85,9.24,1.3,0.17,7.11,7.75,2.0,0.12,7.683106796116504,7.928944444444442,1.7392510402219137,0.19441666666666668,7.78,8.34,2.2,0.06,7.78,9.54,2.0,0.07
7.67,8.81,1.3,0.09,7.683106796116504,7.928944444444442,1.7392510402219137,0.19441666666666668,7.78,8.34,2.2,0.06,7.78,9.54,2.0,0.07,7.8,8.86,2.9,0.06
7.48,8.51,1.4,0.11,7.78,8.34,2.2,0.06,7.78,9.54,2.0,0.07,7.8,8.86,2.9,0.06,7.85,9.24,1.3,0.17
7.41,8.78,2.0,0.11,7.78,9.54,2.0,0.07,7.8,8.86,2.9,0.06,7.85,9.24,1.3,0.17,7.67,8.81,1.3,0.09
7.43,10.2,2.0,0.07,7.8,8.86,2.9,0.06,7.85,9.24,1.3,0.17,7.67,8.81,1.3,0.09,7.48,8.51,1.4,0.11
7.39,9.44,1.8,0.05,7.85,9.24,1.3,0.17,7.67,8.81,1.3,0.09,7.48,8.51,1.4,0.11,7.41,8.78,2.0,0.11
7.5,10.1,1.6,0.06,7.67,8.81,1.3,0.09,7.48,8.51,1.4,0.11,7.41,8.78,2.0,0.11,7.43,10.2,2.0,0.07
7.56,9.61,1.2,0.07,7.48,8.51,1.4,0.11,7.41,8.78,2.0,0.11,7.43,10.2,2.0,0.07,7.39,9.44,1.8,0.05
7.85,9.46,1.7,0.1,7.41,8.78,2.0,0.11,7.43,10.2,2.0,0.07,7.39,9.44,1.8,0.05,7.5,10.1,1.6,0.06
7.66,8.4,2.0,0.07,7.43,10.2,2.0,0.07,7.39,9.44,1.8,0.05,7.5,10.1,1.6,0.06,7.56,9.61,1.2,0.07
7.53,8.48,1.8,0.09,7.39,9.44,1.8,0.05,7.5,10.1,1.6,0.06,7.56,9.61,1.2,0.07,7.85,9.46,1.7,0.1
7.57,8.14,1.3,0.09,7.5,10.1,1.6,0.06,7.56,9.61,1.2,0.07,7.85,9.46,1.7,0.1,7.66,8.4,2.0,0.07
7.54,9.99,2.5,0.15,7.56,9.61,1.2,0.07,7.85,9.46,1.7,0.1,7.66,8.4,2.0,0.07,7.53,8.48,1.8,0.09
7.44,8.81,2.5,0.18,7.85,9.46,1.7,0.1,7.66,8.4,2.0,0.07,7.53,8.48,1.8,0.09,7.57,8.14,1.3,0.09
7.35,7.98,1.2,0.15,7.66,8.4,2.0,0.07,7.53,8.48,1.8,0.09,7.57,8.14,1.3,0.09,7.54,9.99,2.5,0.15
7.44,7.27,1.4,0.24,7.53,8.48,1.8,0.09,7.57,8.14,1.3,0.09,7.54,9.99,2.5,0.15,7.44,8.81,2.5,0.18
7.47,7.25,1.7,0.18,7.57,8.14,1.3,0.09,7.54,9.99,2.5,0.15,7.44,8.81,2.5,0.18,7.35,7.98,1.2,0.15
7.43,7.82,2.0,0.06,7.54,9.99,2.5,0.15,7.44,8.81,2.5,0.18,7.35,7.98,1.2,0.15,7.44,7.27,1.4,0.24
7.5,7.8,2.0,0.16,7.44,8.81,2.5,0.18,7.35,7.98,1.2,0.15,7.44,7.27,1.4,0.24,7.47,7.25,1.7,0.18
7.6,7.61,2.0,0.17,7.35,7.98,1.2,0.15,7.44,7.27,1.4,0.24,7.47,7.25,1.7,0.18,7.43,7.82,2.0,0.06
7.51,5.98,0.9,0.09,7.44,7.27,1.4,0.24,7.47,7.25,1.7,0.18,7.43,7.82,2.0,0.06,7.5,7.8,2.0,0.16
7.48,6.8,1.3,0.09,7.47,7.25,1.7,0.18,7.43,7.82,2.0,0.06,7.5,7.8,2.0,0.16,7.6,7.61,2.0,0.17
7.54,6.63,1.1,0.08,7.43,7.82,2.0,0.06,7.5,7.8,2.0,0.16,7.6,7.61,2.0,0.17,7.51,5.98,0.9,0.09
7.56,6.67,1.3,0.08,7.5,7.8,2.0,0.16,7.6,7.61,2.0,0.17,7.51,5.98,0.9,0.09,7.48,6.8,1.3,0.09
7.79,6.48,1.9,0.09,7.6,7.61,2.0,0.17,7.51,5.98,0.9,0.09,7.48,6.8,1.3,0.09,7.54,6.63,1.1,0.08
7.73,6.39,1.1,0.1,7.51,5.98,0.9,0.09,7.48,6.8,1.3,0.09,7.54,6.63,1.1,0.08,7.56,6.67,1.3,0.08
8.04,6.29,1.6,0.09,7.48,6.8,1.3,0.09,7.54,6.63,1.1,0.08,7.56,6.67,1.3,0.08,7.79,6.48,1.9,0.09
8.06,5.99,1.4,0.08,7.54,6.63,1.1,0.08,7.56,6.67,1.3,0.08,7.79,6.48,1.9,0.09,7.73,6.39,1.1,0.1
8.13,6.46,1.8,0.09,7.56,6.67,1.3,0.08,7.79,6.48,1.9,0.09,7.73,6.39,1.1,0.1,8.04,6.29,1.6,0.09
8.07,6.06,2.5,0.12,7.79,6.48,1.9,0.09,7.73,6.39,1.1,0.1,8.04,6.29,1.6,0.09,8.06,5.99,1.4,0.08
7.61,6.14,2.0,0.14,7.73,6.39,1.1,0.1,8.04,6.29,1.6,0.09,8.06,5.99,1.4,0.08,8.13,6.46,1.8,0.09
8.0,6.75,2.5,0.14,8.04,6.29,1.6,0.09,8.06,5.99,1.4,0.08,8.13,6.46,1.8,0.09,8.07,6.06,2.5,0.12
7.45,5.72,2.5,0.14,8.06,5.99,1.4,0.08,8.13,6.46,1.8,0.09,8.07,6.06,2.5,0.12,7.61,6.14,2.0,0.14
7.62,6.39,2.5,0.16,8.13,6.46,1.8,0.09,8.07,6.06,2.5,0.12,7.61,6.14,2.0,0.14,8.0,6.75,2.5,0.14
7.68,6.4,1.7,0.14,8.07,6.06,2.5,0.12,7.61,6.14,2.0,0.14,8.0,6.75,2.5,0.14,7.45,5.72,2.5,0.14
8.16,7.48,2.4,0.16,7.61,6.14,2.0,0.14,8.0,6.75,2.5,0.14,7.45,5.72,2.5,0.14,7.62,6.39,2.5,0.16
7.68,6.28,1.4,0.18,8.0,6.75,2.5,0.14,7.45,5.72,2.5,0.14,7.62,6.39,2.5,0.16,7.68,6.4,1.7,0.14
7.71,6.82,1.5,0.22,7.45,5.72,2.5,0.14,7.62,6.39,2.5,0.16,7.68,6.4,1.7,0.14,8.16,7.48,2.4,0.16
7.97,7.12,1.3,0.19,7.62,6.39,2.5,0.16,7.68,6.4,1.7,0.14,8.16,7.48,2.4,0.16,7.68,6.28,1.4,0.18
8.08,7.42,1.4,0.22,7.68,6.4,1.7,0.14,8.16,7.48,2.4,0.16,7.68,6.28,1.4,0.18,7.71,6.82,1.5,0.22
8.03,8.12,1.0,0.29,8.16,7.48,2.4,0.16,7.68,6.28,1.4,0.18,7.71,6.82,1.5,0.22,7.97,7.12,1.3,0.19
8.03,8.05,1.0,0.25,7.68,6.28,1.4,0.18,7.71,6.82,1.5,0.22,7.97,7.12,1.3,0.19,8.08,7.42,1.4,0.22
7.683106796116504,7.928944444444442,1.7392510402219137,0.19441666666666668,7.71,6.82,1.5,0.22,7.97,7.12,1.3,0.19,8.08,7.42,1.4,0.22,8.03,8.12,1.0,0.29
8.31,8.64,1.5,0.2,7.97,7.12,1.3,0.19,8.08,7.42,1.4,0.22,8.03,8.12,1.0,0.29,8.03,8.05,1.0,0.25
8.08,8.22,1.3,0.18,8.08,7.42,1.4,0.22,8.03,8.12,1.0,0.29,8.03,8.05,1.0,0.25,7.683106796116504,7.928944444444442,1.7392510402219137,0.19441666666666668
8.12,8.51,1.0,0.22,8.03,8.12,1.0,0.29,8.03,8.05,1.0,0.25,7.683106796116504,7.928944444444442,1.7392510402219137,0.19441666666666668,8.31,8.64,1.5,0.2
8.08,9.43,1.0,0.22,8.03,8.05,1.0,0.25,7.683106796116504,7.928944444444442,1.7392510402219137,0.19441666666666668,8.31,8.64,1.5,0.2,8.08,8.22,1.3,0.18
7.87,9.29,0.8,0.24,7.683106796116504,7.928944444444442,1.7392510402219137,0.19441666666666668,8.31,8.64,1.5,0.2,8.08,8.22,1.3,0.18,8.12,8.51,1.0,0.22
7.76,9.26,1.0,0.26,8.31,8.64,1.5,0.2,8.08,8.22,1.3,0.18,8.12,8.51,1.0,0.22,8.08,9.43,1.0,0.22
7.77,10.8,1.0,0.28,8.08,8.22,1.3,0.18,8.12,8.51,1.0,0.22,8.08,9.43,1.0,0.22,7.87,9.29,0.8,0.24
7.77,10.8,1.1,0.14,8.12,8.51,1.0,0.22,8.08,9.43,1.0,0.22,7.87,9.29,0.8,0.24,7.76,9.26,1.0,0.26
8.17,11.9,1.2,0.14,8.08,9.43,1.0,0.22,7.87,9.29,0.8,0.24,7.76,9.26,1.0,0.26,7.77,10.8,1.0,0.28
8.26,12.6,1.1,0.14,7.87,9.29,0.8,0.24,7.76,9.26,1.0,0.26,7.77,10.8,1.0,0.28,7.77,10.8,1.1,0.14
8.31,12.2,1.1,0.19,7.76,9.26,1.0,0.26,7.77,10.8,1.0,0.28,7.77,10.8,1.1,0.14,8.17,11.9,1.2,0.14
8.01,10.2,1.0,0.14,7.77,10.8,1.0,0.28,7.77,10.8,1.1,0.14,8.17,11.9,1.2,0.14,8.26,12.6,1.1,0.14
8.09,11.7,1.2,0.16,7.77,10.8,1.1,0.14,8.17,11.9,1.2,0.14,8.26,12.6,1.1,0.14,8.31,12.2,1.1,0.19
7.7,9.87,0.8,0.21,8.17,11.9,1.2,0.14,8.26,12.6,1.1,0.14,8.31,12.2,1.1,0.19,8.01,10.2,1.0,0.14
7.49,9.64,1.0,0.14,8.26,12.6,1.1,0.14,8.31,12.2,1.1,0.19,8.01,10.2,1.0,0.14,8.09,11.7,1.2,0.16
7.62,9.75,0.7,0.14,8.31,12.2,1.1,0.19,8.01,10.2,1.0,0.14,8.09,11.7,1.2,0.16,7.7,9.87,0.8,0.21
7.46,8.76,0.7,0.15,8.01,10.2,1.0,0.14,8.09,11.7,1.2,0.16,7.7,9.87,0.8,0.21,7.49,9.64,1.0,0.14
7.34,7.88,0.7,0.14,8.09,11.7,1.2,0.16,7.7,9.87,0.8,0.21,7.49,9.64,1.0,0.14,7.62,9.75,0.7,0.14
7.49,7.83,1.1,0.13,7.7,9.87,0.8,0.21,7.49,9.64,1.0,0.14,7.62,9.75,0.7,0.14,7.46,8.76,0.7,0.15
7.74,9.38,2.1,0.13,7.49,9.64,1.0,0.14,7.62,9.75,0.7,0.14,7.46,8.76,0.7,0.15,7.34,7.88,0.7,0.14
7.55,7.98,2.1,0.1,7.62,9.75,0.7,0.14,7.46,8.76,0.7,0.15,7.34,7.88,0.7,0.14,7.49,7.83,1.1,0.13
7.26,6.26,1.5,0.16,7.46,8.76,0.7,0.15,7.34,7.88,0.7,0.14,7.49,7.83,1.1,0.13,7.74,9.38,2.1,0.13
7.33,5.76,1.6,0.19,7.34,7.88,0.7,0.14,7.49,7.83,1.1,0.13,7.74,9.38,2.1,0.13,7.55,7.98,2.1,0.1
7.33,5.65,1.5,0.15,7.49,7.83,1.1,0.13,7.74,9.38,2.1,0.13,7.55,7.98,2.1,0.1,7.26,6.26,1.5,0.16
7.46,7.38,1.0,0.12,7.74,9.38,2.1,0.13,7.55,7.98,2.1,0.1,7.26,6.26,1.5,0.16,7.33,5.76,1.6,0.19
7.4,8.73,3.5,0.11,7.55,7.98,2.1,0.1,7.26,6.26,1.5,0.16,7.33,5.76,1.6,0.19,7.33,5.65,1.5,0.15
7.71,9.17,1.6,0.09,7.26,6.26,1.5,0.16,7.33,5.76,1.6,0.19,7.33,5.65,1.5,0.15,7.46,7.38,1.0,0.12
7.66,7.58,1.4,0.09,7.33,5.76,1.6,0.19,7.33,5.65,1.5,0.15,7.46,7.38,1.0,0.12,7.4,8.73,3.5,0.11
7.88,8.56,0.8,0.11,7.33,5.65,1.5,0.15,7.46,7.38,1.0,0.12,7.4,8.73,3.5,0.11,7.71,9.17,1.6,0.09
7.98,8.69,0.7,0.12,7.46,7.38,1.0,0.12,7.4,8.73,3.5,0.11,7.71,9.17,1.6,0.09,7.66,7.58,1.4,0.09
7.72,8.78,1.5,0.12,7.4,8.73,3.5,0.11,7.71,9.17,1.6,0.09,7.66,7.58,1.4,0.09,7.88,8.56,0.8,0.11
7.31,8.22,1.7,0.13,7.71,9.17,1.6,0.09,7.66,7.58,1.4,0.09,7.88,8.56,0.8,0.11,7.98,8.69,0.7,0.12
7.36,7.99,1.5,0.14,7.66,7.58,1.4,0.09,7.88,8.56,0.8,0.11,7.98,8.69,0.7,0.12,7.72,8.78,1.5,0.12
7.46,8.1,1.3,0.16,7.88,8.56,0.8,0.11,7.98,8.69,0.7,0.12,7.72,8.78,1.5,0.12,7.31,8.22,1.7,0.13
7.35,8.46,1.3,0.16,7.98,8.69,0.7,0.12,7.72,8.78,1.5,0.12,7.31,8.22,1.7,0.13,7.36,7.99,1.5,0.14
7.27,8.59,1.2,0.13,7.72,8.78,1.5,0.12,7.31,8.22,1.7,0.13,7.36,7.99,1.5,0.14,7.46,8.1,1.3,0.16
7.75,8.2,1.1,0.16,7.31,8.22,1.7,0.13,7.36,7.99,1.5,0.14,7.46,8.1,1.3,0.16,7.35,8.46,1.3,0.16
7.83,7.76,1.6,0.16,7.36,7.99,1.5,0.14,7.46,8.1,1.3,0.16,7.35,8.46,1.3,0.16,7.27,8.59,1.2,0.13
7.83,7.6,1.9,0.17,7.46,8.1,1.3,0.16,7.35,8.46,1.3,0.16,7.27,8.59,1.2,0.13,7.75,8.2,1.1,0.16
7.94,8.06,1.6,0.18,7.35,8.46,1.3,0.16,7.27,8.59,1.2,0.13,7.75,8.2,1.1,0.16,7.83,7.76,1.6,0.16
7.86,7.7,1.1,0.19,7.27,8.59,1.2,0.13,7.75,8.2,1.1,0.16,7.83,7.76,1.6,0.16,7.83,7.6,1.9,0.17
7.82,7.47,1.0,0.21,7.75,8.2,1.1,0.16,7.83,7.76,1.6,0.16,7.83,7.6,1.9,0.17,7.94,8.06,1.6,0.18
7.6,7.24,0.7,0.23,7.83,7.76,1.6,0.16,7.83,7.6,1.9,0.17,7.94,8.06,1.6,0.18,7.86,7.7,1.1,0.19
7.46,8.47,1.0,0.22,7.83,7.6,1.9,0.17,7.94,8.06,1.6,0.18,7.86,7.7,1.1,0.19,7.82,7.47,1.0,0.21
7.5,7.78,0.8,0.08,7.94,8.06,1.6,0.18,7.86,7.7,1.1,0.19,7.82,7.47,1.0,0.21,7.6,7.24,0.7,0.23
7.54,7.38,1.1,0.21,7.86,7.7,1.1,0.19,7.82,7.47,1.0,0.21,7.6,7.24,0.7,0.23,7.46,8.47,1.0,0.22
7.61,8.56,1.4,0.21,7.82,7.47,1.0,0.21,7.6,7.24,0.7,0.23,7.46,8.47,1.0,0.22,7.5,7.78,0.8,0.08
7.51,9.32,0.9,0.17,7.6,7.24,0.7,0.23,7.46,8.47,1.0,0.22,7.5,7.78,0.8,0.08,7.54,7.38,1.1,0.21
7.69,10.1,1.3,0.17,7.46,8.47,1.0,0.22,7.5,7.78,0.8,0.08,7.54,7.38,1.1,0.21,7.61,8.56,1.4,0.21
7.7,10.8,1.8,0.22,7.5,7.78,0.8,0.08,7.54,7.38,1.1,0.21,7.61,8.56,1.4,0.21,7.51,9.32,0.9,0.17
7.83,9.81,2.9,0.26,7.54,7.38,1.1,0.21,7.61,8.56,1.4,0.21,7.51,9.32,0.9,0.17,7.69,10.1,1.3,0.17
7.72,9.35,1.2,0.21,7.61,8.56,1.4,0.21,7.51,9.32,0.9,0.17,7.69,10.1,1.3,0.17,7.7,10.8,1.8,0.22
7.54,9.53,1.6,0.16,7.51,9.32,0.9,0.17,7.69,10.1,1.3,0.17,7.7,10.8,1.8,0.22,7.83,9.81,2.9,0.26
7.35,8.18,0.9,0.17,7.69,10.1,1.3,0.17,7.7,10.8,1.8,0.22,7.83,9.81,2.9,0.26,7.72,9.35,1.2,0.21
7.72,7.51,1.5,0.09,7.7,10.8,1.8,0.22,7.83,9.81,2.9,0.26,7.72,9.35,1.2,0.21,7.54,9.53,1.6,0.16
7.5,8.8,2.6,0.14,7.83,9.81,2.9,0.26,7.72,9.35,1.2,0.21,7.54,9.53,1.6,0.16,7.35,8.18,0.9,0.17
7.6,8.51,1.6,0.18,7.72,9.35,1.2,0.21,7.54,9.53,1.6,0.16,7.35,8.18,0.9,0.17,7.72,7.51,1.5,0.09
7.54,7.8,2.5,0.17,7.54,9.53,1.6,0.16,7.35,8.18,0.9,0.17,7.72,7.51,1.5,0.09,7.5,8.8,2.6,0.14
7.67,10.4,2.5,0.11,7.35,8.18,0.9,0.17,7.72,7.51,1.5,0.09,7.5,8.8,2.6,0.14,7.6,8.51,1.6,0.18
7.7,8.35,2.7,0.2,7.72,7.51,1.5,0.09,7.5,8.8,2.6,0.14,7.6,8.51,1.6,0.18,7.54,7.8,2.5,0.17
7.69,9.83,5.0,0.21,7.5,8.8,2.6,0.14,7.6,8.51,1.6,0.18,7.54,7.8,2.5,0.17,7.67,10.4,2.5,0.11
7.75,8.98,1.7,0.21,7.6,8.51,1.6,0.18,7.54,7.8,2.5,0.17,7.67,10.4,2.5,0.11,7.7,8.35,2.7,0.2
7.62,9.51,0.9,0.24,7.54,7.8,2.5,0.17,7.67,10.4,2.5,0.11,7.7,8.35,2.7,0.2,7.69,9.83,5.0,0.21
7.46,9.6,1.0,0.25,7.67,10.4,2.5,0.11,7.7,8.35,2.7,0.2,7.69,9.83,5.0,0.21,7.75,8.98,1.7,0.21
7.62,10.1,0.9,0.23,7.7,8.35,2.7,0.2,7.69,9.83,5.0,0.21,7.75,8.98,1.7,0.21,7.62,9.51,0.9,0.24
7.7,12.2,1.3,0.18,7.69,9.83,5.0,0.21,7.75,8.98,1.7,0.21,7.62,9.51,0.9,0.24,7.46,9.6,1.0,0.25
7.8,9.06,1.9,0.19,7.75,8.98,1.7,0.21,7.62,9.51,0.9,0.24,7.46,9.6,1.0,0.25,7.62,10.1,0.9,0.23
7.75,10.6,3.7,0.24,7.62,9.51,0.9,0.24,7.46,9.6,1.0,0.25,7.62,10.1,0.9,0.23,7.7,12.2,1.3,0.18
7.54,7.14,2.4,0.27,7.46,9.6,1.0,0.25,7.62,10.1,0.9,0.23,7.7,12.2,1.3,0.18,7.8,9.06,1.9,0.19
7.58,6.97,4.5,0.22,7.62,10.1,0.9,0.23,7.7,12.2,1.3,0.18,7.8,9.06,1.9,0.19,7.75,10.6,3.7,0.24
7.48,10.6,4.2,0.17,7.7,12.2,1.3,0.18,7.8,9.06,1.9,0.19,7.75,10.6,3.7,0.24,7.54,7.14,2.4,0.27
7.55,12.0,0.9,0.17,7.8,9.06,1.9,0.19,7.75,10.6,3.7,0.24,7.54,7.14,2.4,0.27,7.58,6.97,4.5,0.22
7.54,11.8,1.6,0.17,7.75,10.6,3.7,0.24,7.54,7.14,2.4,0.27,7.58,6.97,4.5,0.22,7.48,10.6,4.2,0.17
7.683106796116504,7.928944444444442,1.7392510402219137,0.19441666666666668,7.54,7.14,2.4,0.27,7.58,6.97,4.5,0.22,7.48,10.6,4.2,0.17,7.55,12.0,0.9,0.17
7.54,9.89,3.2,0.15,7.58,6.97,4.5,0.22,7.48,10.6,4.2,0.17,7.55,12.0,0.9,0.17,7.54,11.8,1.6,0.17
7.44,7.91,3.1,0.14,7.48,10.6,4.2,0.17,7.55,12.0,0.9,0.17,7.54,11.8,1.6,0.17,7.683106796116504,7.928944444444442,1.7392510402219137,0.19441666666666668
7.51,9.0,2.4,0.1,7.55,12.0,0.9,0.17,7.54,11.8,1.6,0.17,7.683106796116504,7.928944444444442,1.7392510402219137,0.19441666666666668,7.54,9.89,3.2,0.15
7.49,11.9,1.7,0.08,7.54,11.8,1.6,0.17,7.683106796116504,7.928944444444442,1.7392510402219137,0.19441666666666668,7.54,9.89,3.2,0.15,7.44,7.91,3.1,0.14
7.49,6.48,2.7,0.08,7.683106796116504,7.928944444444442,1.7392510402219137,0.19441666666666668,7.54,9.89,3.2,0.15,7.44,7.91,3.1,0.14,7.51,9.0,2.4,0.1
7.58,6.53,1.7,0.07,7.54,9.89,3.2,0.15,7.44,7.91,3.1,0.14,7.51,9.0,2.4,0.1,7.49,11.9,1.7,0.08
7.77,5.67,1.9,0.08,7.44,7.91,3.1,0.14,7.51,9.0,2.4,0.1,7.49,11.9,1.7,0.08,7.49,6.48,2.7,0.08
7.86,6.5,1.7,0.12,7.51,9.0,2.4,0.1,7.49,11.9,1.7,0.08,7.49,6.48,2.7,0.08,7.58,6.53,1.7,0.07
7.85,6.46,1.0,0.11,7.49,11.9,1.7,0.08,7.49,6.48,2.7,0.08,7.58,6.53,1.7,0.07,7.77,5.67,1.9,0.08
7.87,6.05,1.1,0.12,7.49,6.48,2.7,0.08,7.58,6.53,1.7,0.07,7.77,5.67,1.9,0.08,7.86,6.5,1.7,0.12
7.55,6.17,1.7,0.13,7.58,6.53,1.7,0.07,7.77,5.67,1.9,0.08,7.86,6.5,1.7,0.12,7.85,6.46,1.0,0.11
7.55,6.07,1.1,0.21,7.77,5.67,1.9,0.08,7.86,6.5,1.7,0.12,7.85,6.46,1.0,0.11,7.87,6.05,1.1,0.12
7.8,5.79,1.9,0.19,7.86,6.5,1.7,0.12,7.85,6.46,1.0,0.11,7.87,6.05,1.1,0.12,7.55,6.17,1.7,0.13
7.86,6.26,1.7,0.22,7.85,6.46,1.0,0.11,7.87,6.05,1.1,0.12,7.55,6.17,1.7,0.13,7.55,6.07,1.1,0.21
7.81,5.67,1.1,0.22,7.87,6.05,1.1,0.12,7.55,6.17,1.7,0.13,7.55,6.07,1.1,0.21,7.8,5.79,1.9,0.19
7.82,6.93,2.2,0.1,7.55,6.17,1.7,0.13,7.55,6.07,1.1,0.21,7.8,5.79,1.9,0.19,7.86,6.26,1.7,0.22
7.77,7.09,1.3,0.1,7.55,6.07,1.1,0.21,7.8,5.79,1.9,0.19,7.86,6.26,1.7,0.22,7.81,5.67,1.1,0.22
7.86,7.19,0.8,0.1,7.8,5.79,1.9,0.19,7.86,6.26,1.7,0.22,7.81,5.67,1.1,0.22,7.82,6.93,2.2,0.1
7.83,7.0,2.2,0.11,7.86,6.26,1.7,0.22,7.81,5.67,1.1,0.22,7.82,6.93,2.2,0.1,7.77,7.09,1.3,0.1
7.72,6.15,1.7,0.11,7.81,5.67,1.1,0.22,7.82,6.93,2.2,0.1,7.77,7.09,1.3,0.1,7.86,7.19,0.8,0.1
7.84,6.2,1.7,0.12,7.82,6.93,2.2,0.1,7.77,7.09,1.3,0.1,7.86,7.19,0.8,0.1,7.83,7.0,2.2,0.11
8.0,7.49,1.5,0.12,7.77,7.09,1.3,0.1,7.86,7.19,0.8,0.1,7.83,7.0,2.2,0.11,7.72,6.15,1.7,0.11
8.16,7.01,1.0,0.18,7.86,7.19,0.8,0.1,7.83,7.0,2.2,0.11,7.72,6.15,1.7,0.11,7.84,6.2,1.7,0.12
7.92,7.15,1.1,0.16,7.83,7.0,2.2,0.11,7.72,6.15,1.7,0.11,7.84,6.2,1.7,0.12,8.0,7.49,1.5,0.12
8.17,7.58,1.0,0.19,7.72,6.15,1.7,0.11,7.84,6.2,1.7,0.12,8.0,7.49,1.5,0.12,8.16,7.01,1.0,0.18
8.38,9.43,1.2,0.2,7.84,6.2,1.7,0.12,8.0,7.49,1.5,0.12,8.16,7.01,1.0,0.18,7.92,7.15,1.1,0.16
8.14,8.11,1.0,0.16,8.0,7.49,1.5,0.12,8.16,7.01,1.0,0.18,7.92,7.15,1.1,0.16,8.17,7.58,1.0,0.19
7.78,6.71,0.8,0.13,8.16,7.01,1.0,0.18,7.92,7.15,1.1,0.16,8.17,7.58,1.0,0.19,8.38,9.43,1.2,0.2
7.58,5.73,1.1,0.18,7.92,7.15,1.1,0.16,8.17,7.58,1.0,0.19,8.38,9.43,1.2,0.2,8.14,8.11,1.0,0.16
7.55,5.69,1.2,0.15,8.17,7.58,1.0,0.19,8.38,9.43,1.2,0.2,8.14,8.11,1.0,0.16,7.78,6.71,0.8,0.13
7.42,5.96,2.1,0.16,8.38,9.43,1.2,0.2,8.14,8.11,1.0,0.16,7.78,6.71,0.8,0.13,7.58,5.73,1.1,0.18
7.38,6.25,2.3,0.15,8.14,8.11,1.0,0.16,7.78,6.71,0.8,0.13,7.58,5.73,1.1,0.18,7.55,5.69,1.2,0.15
7.54,8.59,2.1,0.24,7.78,6.71,0.8,0.13,7.58,5.73,1.1,0.18,7.55,5.69,1.2,0.15,7.42,5.96,2.1,0.16
7.53,9.01,1.6,0.09,7.58,5.73,1.1,0.18,7.55,5.69,1.2,0.15,7.42,5.96,2.1,0.16,7.38,6.25,2.3,0.15
7.71,8.66,1.1,0.09,7.55,5.69,1.2,0.15,7.42,5.96,2.1,0.16,7.38,6.25,2.3,0.15,7.54,8.59,2.1,0.24
7.8,8.7,1.2,0.12,7.42,5.96,2.1,0.16,7.38,6.25,2.3,0.15,7.54,8.59,2.1,0.24,7.53,9.01,1.6,0.09
7.79,9.75,1.4,0.16,7.38,6.25,2.3,0.15,7.54,8.59,2.1,0.24,7.53,9.01,1.6,0.09,7.71,8.66,1.1,0.09
7.84,10.4,1.0,0.15,7.54,8.59,2.1,0.24,7.53,9.01,1.6,0.09,7.71,8.66,1.1,0.09,7.8,8.7,1.2,0.12
7.93,10.5,0.9,0.19,7.53,9.01,1.6,0.09,7.71,8.66,1.1,0.09,7.8,8.7,1.2,0.12,7.79,9.75,1.4,0.16
7.99,10.1,1.0,0.25,7.71,8.66,1.1,0.09,7.8,8.7,1.2,0.12,7.79,9.75,1.4,0.16,7.84,10.4,1.0,0.15
7.9,9.76,1.3,0.27,7.8,8.7,1.2,0.12,7.79,9.75,1.4,0.16,7.84,10.4,1.0,0.15,7.93,10.5,0.9,0.19
7.69,9.32,1.4,0.22,7.79,9.75,1.4,0.16,7.84,10.4,1.0,0.15,7.93,10.5,0.9,0.19,7.99,10.1,1.0,0.25
7.74,9.46,1.1,0.17,7.84,10.4,1.0,0.15,7.93,10.5,0.9,0.19,7.99,10.1,1.0,0.25,7.9,9.76,1.3,0.27
7.69,11.6,1.1,0.23,7.93,10.5,0.9,0.19,7.99,10.1,1.0,0.25,7.9,9.76,1.3,0.27,7.69,9.32,1.4,0.22
7.87,9.51,1.5,0.15,7.99,10.1,1.0,0.25,7.9,9.76,1.3,0.27,7.69,9.32,1.4,0.22,7.74,9.46,1.1,0.17
7.91,8.26,1.4,0.06,7.9,9.76,1.3,0.27,7.69,9.32,1.4,0.22,7.74,9.46,1.1,0.17,7.69,11.6,1.1,0.23
8.09,8.91,1.5,0.08,7.69,9.32,1.4,0.22,7.74,9.46,1.1,0.17,7.69,11.6,1.1,0.23,7.87,9.51,1.5,0.15
8.17,9.25,1.2,0.1,7.74,9.46,1.1,0.17,7.69,11.6,1.1,0.23,7.87,9.51,1.5,0.15,7.91,8.26,1.4,0.06
8.07,8.81,1.1,0.09,7.69,11.6,1.1,0.23,7.87,9.51,1.5,0.15,7.91,8.26,1.4,0.06,8.09,8.91,1.5,0.08
7.82,9.61,1.0,0.1,7.87,9.51,1.5,0.15,7.91,8.26,1.4,0.06,8.09,8.91,1.5,0.08,8.17,9.25,1.2,0.1
7.72,8.98,2.4,0.14,7.91,8.26,1.4,0.06,8.09,8.91,1.5,0.08,8.17,9.25,1.2,0.1,8.07,8.81,1.1,0.09
7.59,8.91,2.0,0.14,8.09,8.91,1.5,0.08,8.17,9.25,1.2,0.1,8.07,8.81,1.1,0.09,7.82,9.61,1.0,0.1
7.53,8.54,2.5,0.1,8.17,9.25,1.2,0.1,8.07,8.81,1.1,0.09,7.82,9.61,1.0,0.1,7.72,8.98,2.4,0.14
7.62,8.55,2.2,0.1,8.07,8.81,1.1,0.09,7.82,9.61,1.0,0.1,7.72,8.98,2.4,0.14,7.59,8.91,2.0,0.14
7.61,8.34,2.3,0.11,7.82,9.61,1.0,0.1,7.72,8.98,2.4,0.14,7.59,8.91,2.0,0.14,7.53,8.54,2.5,0.1
7.28,6.09,2.6,0.12,7.72,8.98,2.4,0.14,7.59,8.91,2.0,0.14,7.53,8.54,2.5,0.1,7.62,8.55,2.2,0.1
7.43,7.72,3.5,0.13,7.59,8.91,2.0,0.14,7.53,8.54,2.5,0.1,7.62,8.55,2.2,0.1,7.61,8.34,2.3,0.11
7.38,7.23,3.5,0.15,7.53,8.54,2.5,0.1,7.62,8.55,2.2,0.1,7.61,8.34,2.3,0.11,7.28,6.09,2.6,0.12
7.4,6.94,2.3,0.15,7.62,8.55,2.2,0.1,7.61,8.34,2.3,0.11,7.28,6.09,2.6,0.12,7.43,7.72,3.5,0.13
7.53,6.7,2.2,0.11,7.61,8.34,2.3,0.11,7.28,6.09,2.6,0.12,7.43,7.72,3.5,0.13,7.38,7.23,3.5,0.15
7.47,6.86,4.0,0.13,7.28,6.09,2.6,0.12,7.43,7.72,3.5,0.13,7.38,7.23,3.5,0.15,7.4,6.94,2.3,0.15
7.52,6.97,2.6,0.11,7.43,7.72,3.5,0.13,7.38,7.23,3.5,0.15,7.4,6.94,2.3,0.15,7.53,6.7,2.2,0.11
7.64,6.72,2.3,0.15,7.38,7.23,3.5,0.15,7.4,6.94,2.3,0.15,7.53,6.7,2.2,0.11,7.47,6.86,4.0,0.13
7.69,6.44,2.4,0.11,7.4,6.94,2.3,0.15,7.53,6.7,2.2,0.11,7.47,6.86,4.0,0.13,7.52,6.97,2.6,0.11
7.62,6.34,2.5,0.11,7.53,6.7,2.2,0.11,7.47,6.86,4.0,0.13,7.52,6.97,2.6,0.11,7.64,6.72,2.3,0.15
7.38,6.21,2.3,0.11,7.47,6.86,4.0,0.13,7.52,6.97,2.6,0.11,7.64,6.72,2.3,0.15,7.69,6.44,2.4,0.11
7.56,6.25,2.7,0.11,7.52,6.97,2.6,0.11,7.64,6.72,2.3,0.15,7.69,6.44,2.4,0.11,7.62,6.34,2.5,0.11
7.53,5.98,2.1,0.1,7.64,6.72,2.3,0.15,7.69,6.44,2.4,0.11,7.62,6.34,2.5,0.11,7.38,6.21,2.3,0.11
7.73,5.84,2.2,0.11,7.69,6.44,2.4,0.11,7.62,6.34,2.5,0.11,7.38,6.21,2.3,0.11,7.56,6.25,2.7,0.11
7.68,5.88,2.6,0.14,7.62,6.34,2.5,0.11,7.38,6.21,2.3,0.11,7.56,6.25,2.7,0.11,7.53,5.98,2.1,0.1
7.32,6.02,2.5,0.15,7.38,6.21,2.3,0.11,7.56,6.25,2.7,0.11,7.53,5.98,2.1,0.1,7.73,5.84,2.2,0.11
7.33,5.36,2.5,0.14,7.56,6.25,2.7,0.11,7.53,5.98,2.1,0.1,7.73,5.84,2.2,0.11,7.68,5.88,2.6,0.14
7.37,5.57,1.7,0.15,7.53,5.98,2.1,0.1,7.73,5.84,2.2,0.11,7.68,5.88,2.6,0.14,7.32,6.02,2.5,0.15
7.49,5.79,1.4,0.13,7.73,5.84,2.2,0.11,7.68,5.88,2.6,0.14,7.32,6.02,2.5,0.15,7.33,5.36,2.5,0.14
7.77,6.11,1.6,0.14,7.68,5.88,2.6,0.14,7.32,6.02,2.5,0.15,7.33,5.36,2.5,0.14,7.37,5.57,1.7,0.15
7.79,6.68,1.6,0.14,7.32,6.02,2.5,0.15,7.33,5.36,2.5,0.14,7.37,5.57,1.7,0.15,7.49,5.79,1.4,0.13
7.75,7.928944444444442,2.7,0.15,7.33,5.36,2.5,0.14,7.37,5.57,1.7,0.15,7.49,5.79,1.4,0.13,7.77,6.11,1.6,0.14
7.43,6.84,1.4,0.15,7.37,5.57,1.7,0.15,7.49,5.79,1.4,0.13,7.77,6.11,1.6,0.14,7.79,6.68,1.6,0.14
7.53,7.27,0.8,0.17,7.49,5.79,1.4,0.13,7.77,6.11,1.6,0.14,7.79,6.68,1.6,0.14,7.75,7.928944444444442,2.7,0.15
7.78,7.46,0.5,0.18,7.77,6.11,1.6,0.14,7.79,6.68,1.6,0.14,7.75,7.928944444444442,2.7,0.15,7.43,6.84,1.4,0.15
7.79,7.18,0.4,0.17,7.79,6.68,1.6,0.14,7.75,7.928944444444442,2.7,0.15,7.43,6.84,1.4,0.15,7.53,7.27,0.8,0.17
7.8,7.22,0.6,0.17,7.75,7.928944444444442,2.7,0.15,7.43,6.84,1.4,0.15,7.53,7.27,0.8,0.17,7.78,7.46,0.5,0.18
7.97,7.39,1.3,0.2,7.43,6.84,1.4,0.15,7.53,7.27,0.8,0.17,7.78,7.46,0.5,0.18,7.79,7.18,0.4,0.17
8.1,7.7,1.4,0.22,7.53,7.27,0.8,0.17,7.78,7.46,0.5,0.18,7.79,7.18,0.4,0.17,7.8,7.22,0.6,0.17
8.07,8.04,1.1,0.21,7.78,7.46,0.5,0.18,7.79,7.18,0.4,0.17,7.8,7.22,0.6,0.17,7.97,7.39,1.3,0.2
8.17,8.33,0.9,0.2,7.79,7.18,0.4,0.17,7.8,7.22,0.6,0.17,7.97,7.39,1.3,0.2,8.1,7.7,1.4,0.22
8.17,8.44,1.4,0.2,7.8,7.22,0.6,0.17,7.97,7.39,1.3,0.2,8.1,7.7,1.4,0.22,8.07,8.04,1.1,0.21
8.14,9.16,1.4,0.09,7.97,7.39,1.3,0.2,8.1,7.7,1.4,0.22,8.07,8.04,1.1,0.21,8.17,8.33,0.9,0.2
8.15,9.57,1.5,0.18,8.1,7.7,1.4,0.22,8.07,8.04,1.1,0.21,8.17,8.33,0.9,0.2,8.17,8.44,1.4,0.2
8.22,9.69,1.5,0.06,8.07,8.04,1.1,0.21,8.17,8.33,0.9,0.2,8.17,8.44,1.4,0.2,8.14,9.16,1.4,0.09
8.19,9.38,1.6,0.19,8.17,8.33,0.9,0.2,8.17,8.44,1.4,0.2,8.14,9.16,1.4,0.09,8.15,9.57,1.5,0.18
8.25,9.86,3.0,0.15,8.17,8.44,1.4,0.2,8.14,9.16,1.4,0.09,8.15,9.57,1.5,0.18,8.22,9.69,1.5,0.06
8.33,9.98,1.7,0.23,8.14,9.16,1.4,0.09,8.15,9.57,1.5,0.18,8.22,9.69,1.5,0.06,8.19,9.38,1.6,0.19
8.51,11.5,1.6,0.23,8.15,9.57,1.5,0.18,8.22,9.69,1.5,0.06,8.19,9.38,1.6,0.19,8.25,9.86,3.0,0.15
8.69,11.3,1.6,0.42,8.22,9.69,1.5,0.06,8.19,9.38,1.6,0.19,8.25,9.86,3.0,0.15,8.33,9.98,1.7,0.23
8.63,11.5,0.9,0.2,8.19,9.38,1.6,0.19,8.25,9.86,3.0,0.15,8.33,9.98,1.7,0.23,8.51,11.5,1.6,0.23
8.47,14.1,1.9,0.19441666666666668,8.25,9.86,3.0,0.15,8.33,9.98,1.7,0.23,8.51,11.5,1.6,0.23,8.69,11.3,1.6,0.42
8.49,11.9,2.0,0.16,8.33,9.98,1.7,0.23,8.51,11.5,1.6,0.23,8.69,11.3,1.6,0.42,8.63,11.5,0.9,0.2
8.48,11.6,1.4,0.16,8.51,11.5,1.6,0.23,8.69,11.3,1.6,0.42,8.63,11.5,0.9,0.2,8.47,14.1,1.9,0.19441666666666668
8.56,9.94,0.9,0.12,8.69,11.3,1.6,0.42,8.63,11.5,0.9,0.2,8.47,14.1,1.9,0.19441666666666668,8.49,11.9,2.0,0.16
8.63,9.19,1.2,0.15,8.63,11.5,0.9,0.2,8.47,14.1,1.9,0.19441666666666668,8.49,11.9,2.0,0.16,8.48,11.6,1.4,0.16
8.76,8.22,2.7,0.06,8.47,14.1,1.9,0.19441666666666668,8.49,11.9,2.0,0.16,8.48,11.6,1.4,0.16,8.56,9.94,0.9,0.12
8.17,3.62,2.5,0.09,8.49,11.9,2.0,0.16,8.48,11.6,1.4,0.16,8.56,9.94,0.9,0.12,8.63,9.19,1.2,0.15
8.12,6.92,2.4,0.06,8.48,11.6,1.4,0.16,8.56,9.94,0.9,0.12,8.63,9.19,1.2,0.15,8.76,8.22,2.7,0.06
8.05,7.08,2.6,0.05,8.56,9.94,0.9,0.12,8.63,9.19,1.2,0.15,8.76,8.22,2.7,0.06,8.17,3.62,2.5,0.09
8.05,7.59,2.7,0.05,8.63,9.19,1.2,0.15,8.76,8.22,2.7,0.06,8.17,3.62,2.5,0.09,8.12,6.92,2.4,0.06
8.25,8.36,3.0,0.08,8.76,8.22,2.7,0.06,8.17,3.62,2.5,0.09,8.12,6.92,2.4,0.06,8.05,7.08,2.6,0.05
8.33,7.61,3.3,0.08,8.17,3.62,2.5,0.09,8.12,6.92,2.4,0.06,8.05,7.08,2.6,0.05,8.05,7.59,2.7,0.05
8.31,7.03,3.0,0.09,8.12,6.92,2.4,0.06,8.05,7.08,2.6,0.05,8.05,7.59,2.7,0.05,8.25,8.36,3.0,0.08
8.42,6.03,2.6,0.13,8.05,7.08,2.6,0.05,8.05,7.59,2.7,0.05,8.25,8.36,3.0,0.08,8.33,7.61,3.3,0.08
8.43,7.1,2.8,0.15,8.05,7.59,2.7,0.05,8.25,8.36,3.0,0.08,8.33,7.61,3.3,0.08,8.31,7.03,3.0,0.09
8.52,7.46,4.3,0.16,8.25,8.36,3.0,0.08,8.33,7.61,3.3,0.08,8.31,7.03,3.0,0.09,8.42,6.03,2.6,0.13
8.63,7.1,3.0,0.15,8.33,7.61,3.3,0.08,8.31,7.03,3.0,0.09,8.42,6.03,2.6,0.13,8.43,7.1,2.8,0.15
8.8,7.45,2.3,0.16,8.31,7.03,3.0,0.09,8.42,6.03,2.6,0.13,8.43,7.1,2.8,0.15,8.52,7.46,4.3,0.16
7.76,7.51,3.3,0.16,8.42,6.03,2.6,0.13,8.43,7.1,2.8,0.15,8.52,7.46,4.3,0.16,8.63,7.1,3.0,0.15
6.97,8.17,2.3,0.17,8.43,7.1,2.8,0.15,8.52,7.46,4.3,0.16,8.63,7.1,3.0,0.15,8.8,7.45,2.3,0.16
6.69,7.87,2.3,0.21,8.52,7.46,4.3,0.16,8.63,7.1,3.0,0.15,8.8,7.45,2.3,0.16,7.76,7.51,3.3,0.16
6.8,7.62,2.6,0.19,8.63,7.1,3.0,0.15,8.8,7.45,2.3,0.16,7.76,7.51,3.3,0.16,6.97,8.17,2.3,0.17
6.92,8.22,3.1,0.17,8.8,7.45,2.3,0.16,7.76,7.51,3.3,0.16,6.97,8.17,2.3,0.17,6.69,7.87,2.3,0.21
7.05,8.03,3.8,0.16,7.76,7.51,3.3,0.16,6.97,8.17,2.3,0.17,6.69,7.87,2.3,0.21,6.8,7.62,2.6,0.19
6.97,8.57,3.2,0.2,6.97,8.17,2.3,0.17,6.69,7.87,2.3,0.21,6.8,7.62,2.6,0.19,6.92,8.22,3.1,0.17
6.88,8.3,3.2,0.2,6.69,7.87,2.3,0.21,6.8,7.62,2.6,0.19,6.92,8.22,3.1,0.17,7.05,8.03,3.8,0.16
6.81,8.24,3.9,0.2,6.8,7.62,2.6,0.19,6.92,8.22,3.1,0.17,7.05,8.03,3.8,0.16,6.97,8.57,3.2,0.2
6.84,8.84,3.6,0.19,6.92,8.22,3.1,0.17,7.05,8.03,3.8,0.16,6.97,8.57,3.2,0.2,6.88,8.3,3.2,0.2
6.89,9.33,3.3,0.18,7.05,8.03,3.8,0.16,6.97,8.57,3.2,0.2,6.88,8.3,3.2,0.2,6.81,8.24,3.9,0.2
6.93,9.81,3.2,0.18,6.97,8.57,3.2,0.2,6.88,8.3,3.2,0.2,6.81,8.24,3.9,0.2,6.84,8.84,3.6,0.19
7.03,8.96,2.7,0.15,6.88,8.3,3.2,0.2,6.81,8.24,3.9,0.2,6.84,8.84,3.6,0.19,6.89,9.33,3.3,0.18
7.16,8.37,4.9,0.17,6.81,8.24,3.9,0.2,6.84,8.84,3.6,0.19,6.89,9.33,3.3,0.18,6.93,9.81,3.2,0.18
7.36,6.74,4.2,0.11,6.84,8.84,3.6,0.19,6.89,9.33,3.3,0.18,6.93,9.81,3.2,0.18,7.03,8.96,2.7,0.15
7.39,7.12,1.4,0.08,6.89,9.33,3.3,0.18,6.93,9.81,3.2,0.18,7.03,8.96,2.7,0.15,7.16,8.37,4.9,0.17
7.82,7.4,1.1,0.15,6.93,9.81,3.2,0.18,7.03,8.96,2.7,0.15,7.16,8.37,4.9,0.17,7.36,6.74,4.2,0.11
7.62,6.66,0.8,0.16,7.03,8.96,2.7,0.15,7.16,8.37,4.9,0.17,7.36,6.74,4.2,0.11,7.39,7.12,1.4,0.08
7.54,6.58,0.5,0.16,7.16,8.37,4.9,0.17,7.36,6.74,4.2,0.11,7.39,7.12,1.4,0.08,7.82,7.4,1.1,0.15
7.51,7.02,0.3,0.21,7.36,6.74,4.2,0.11,7.39,7.12,1.4,0.08,7.82,7.4,1.1,0.15,7.62,6.66,0.8,0.16
7.55,7.77,1.1,0.23,7.39,7.12,1.4,0.08,7.82,7.4,1.1,0.15,7.62,6.66,0.8,0.16,7.54,6.58,0.5,0.16
7.58,7.95,1.2,0.22,7.82,7.4,1.1,0.15,7.62,6.66,0.8,0.16,7.54,6.58,0.5,0.16,7.51,7.02,0.3,0.21
7.64,7.71,1.3,0.19,7.62,6.66,0.8,0.16,7.54,6.58,0.5,0.16,7.51,7.02,0.3,0.21,7.55,7.77,1.1,0.23
7.75,8.61,1.1,0.26,7.54,6.58,0.5,0.16,7.51,7.02,0.3,0.21,7.55,7.77,1.1,0.23,7.58,7.95,1.2,0.22
7.77,9.05,1.1,0.24,7.51,7.02,0.3,0.21,7.55,7.77,1.1,0.23,7.58,7.95,1.2,0.22,7.64,7.71,1.3,0.19
7.88,9.73,1.1,0.27,7.55,7.77,1.1,0.23,7.58,7.95,1.2,0.22,7.64,7.71,1.3,0.19,7.75,8.61,1.1,0.26
7.93,9.88,1.5,0.25,7.58,7.95,1.2,0.22,7.64,7.71,1.3,0.19,7.75,8.61,1.1,0.26,7.77,9.05,1.1,0.24
7.88,10.0,1.9,0.29,7.64,7.71,1.3,0.19,7.75,8.61,1.1,0.26,7.77,9.05,1.1,0.24,7.88,9.73,1.1,0.27
7.89,9.92,1.6,0.23,7.75,8.61,1.1,0.26,7.77,9.05,1.1,0.24,7.88,9.73,1.1,0.27,7.93,9.88,1.5,0.25
7.79,8.73,1.7,0.3,7.77,9.05,1.1,0.24,7.88,9.73,1.1,0.27,7.93,9.88,1.5,0.25,7.88,10.0,1.9,0.29
7.61,7.36,1.2,0.21,7.88,9.73,1.1,0.27,7.93,9.88,1.5,0.25,7.88,10.0,1.9,0.29,7.89,9.92,1.6,0.23
7.99,9.57,1.2,0.24,7.93,9.88,1.5,0.25,7.88,10.0,1.9,0.29,7.89,9.92,1.6,0.23,7.79,8.73,1.7,0.3
8.06,10.8,1.4,0.42,7.88,10.0,1.9,0.29,7.89,9.92,1.6,0.23,7.79,8.73,1.7,0.3,7.61,7.36,1.2,0.21
8.05,10.7,2.2,0.3,7.89,9.92,1.6,0.23,7.79,8.73,1.7,0.3,7.61,7.36,1.2,0.21,7.99,9.57,1.2,0.24
8.12,9.94,2.0,0.25,7.79,8.73,1.7,0.3,7.61,7.36,1.2,0.21,7.99,9.57,1.2,0.24,8.06,10.8,1.4,0.42
8.18,9.51,1.8,0.21,7.61,7.36,1.2,0.21,7.99,9.57,1.2,0.24,8.06,10.8,1.4,0.42,8.05,10.7,2.2,0.3
8.3,10.7,1.6,0.34,7.99,9.57,1.2,0.24,8.06,10.8,1.4,0.42,8.05,10.7,2.2,0.3,8.12,9.94,2.0,0.25
8.27,10.9,1.2,0.29,8.06,10.8,1.4,0.42,8.05,10.7,2.2,0.3,8.12,9.94,2.0,0.25,8.18,9.51,1.8,0.21
8.17,9.52,1.7,0.19,8.05,10.7,2.2,0.3,8.12,9.94,2.0,0.25,8.18,9.51,1.8,0.21,8.3,10.7,1.6,0.34
7.83,7.43,2.4,0.22,8.12,9.94,2.0,0.25,8.18,9.51,1.8,0.21,8.3,10.7,1.6,0.34,8.27,10.9,1.2,0.29
7.75,6.68,2.8,0.16,8.18,9.51,1.8,0.21,8.3,10.7,1.6,0.34,8.27,10.9,1.2,0.29,8.17,9.52,1.7,0.19
7.94,7.87,2.6,0.2,8.3,10.7,1.6,0.34,8.27,10.9,1.2,0.29,8.17,9.52,1.7,0.19,7.83,7.43,2.4,0.22
7.89,7.98,2.4,0.16,8.27,10.9,1.2,0.29,8.17,9.52,1.7,0.19,7.83,7.43,2.4,0.22,7.75,6.68,2.8,0.16
8.02,7.76,2.0,0.15,8.17,9.52,1.7,0.19,7.83,7.43,2.4,0.22,7.75,6.68,2.8,0.16,7.94,7.87,2.6,0.2
8.01,7.49,2.0,0.13,7.83,7.43,2.4,0.22,7.75,6.68,2.8,0.16,7.94,7.87,2.6,0.2,7.89,7.98,2.4,0.16
7.98,7.36,1.9,0.14,7.75,6.68,2.8,0.16,7.94,7.87,2.6,0.2,7.89,7.98,2.4,0.16,8.02,7.76,2.0,0.15
7.86,7.6,1.6,0.16,7.94,7.87,2.6,0.2,7.89,7.98,2.4,0.16,8.02,7.76,2.0,0.15,8.01,7.49,2.0,0.13
7.75,7.64,2.6,0.23,7.89,7.98,2.4,0.16,8.02,7.76,2.0,0.15,8.01,7.49,2.0,0.13,7.98,7.36,1.9,0.14
7.87,7.57,2.6,0.38,8.02,7.76,2.0,0.15,8.01,7.49,2.0,0.13,7.98,7.36,1.9,0.14,7.86,7.6,1.6,0.16
8.02,7.36,2.6,0.2,8.01,7.49,2.0,0.13,7.98,7.36,1.9,0.14,7.86,7.6,1.6,0.16,7.75,7.64,2.6,0.23
8.09,7.28,2.4,0.13,7.98,7.36,1.9,0.14,7.86,7.6,1.6,0.16,7.75,7.64,2.6,0.23,7.87,7.57,2.6,0.38
8.03,7.69,1.3,0.08,7.86,7.6,1.6,0.16,7.75,7.64,2.6,0.23,7.87,7.57,2.6,0.38,8.02,7.36,2.6,0.2
8.21,7.39,1.0,0.08,7.75,7.64,2.6,0.23,7.87,7.57,2.6,0.38,8.02,7.36,2.6,0.2,8.09,7.28,2.4,0.13
8.32,7.24,1.1,0.09,7.87,7.57,2.6,0.38,8.02,7.36,2.6,0.2,8.09,7.28,2.4,0.13,8.03,7.69,1.3,0.08
8.14,7.39,1.2,0.08,8.02,7.36,2.6,0.2,8.09,7.28,2.4,0.13,8.03,7.69,1.3,0.08,8.21,7.39,1.0,0.08
8.21,7.34,2.0,0.1,8.09,7.28,2.4,0.13,8.03,7.69,1.3,0.08,8.21,7.39,1.0,0.08,8.32,7.24,1.1,0.09
8.38,7.36,1.9,0.09,8.03,7.69,1.3,0.08,8.21,7.39,1.0,0.08,8.32,7.24,1.1,0.09,8.14,7.39,1.2,0.08
8.29,7.61,1.7,0.07,8.21,7.39,1.0,0.08,8.32,7.24,1.1,0.09,8.14,7.39,1.2,0.08,8.21,7.34,2.0,0.1
7.89,7.65,1.3,0.18,8.32,7.24,1.1,0.09,8.14,7.39,1.2,0.08,8.21,7.34,2.0,0.1,8.38,7.36,1.9,0.09
7.67,7.51,1.3,0.19,8.14,7.39,1.2,0.08,8.21,7.34,2.0,0.1,8.38,7.36,1.9,0.09,8.29,7.61,1.7,0.07
7.72,7.4,1.1,0.11,8.21,7.34,2.0,0.1,8.38,7.36,1.9,0.09,8.29,7.61,1.7,0.07,7.89,7.65,1.3,0.18
7.76,7.36,0.9,0.09,8.38,7.36,1.9,0.09,8.29,7.61,1.7,0.07,7.89,7.65,1.3,0.18,7.67,7.51,1.3,0.19
7.65,7.48,1.0,0.07,8.29,7.61,1.7,0.07,7.89,7.65,1.3,0.18,7.67,7.51,1.3,0.19,7.72,7.4,1.1,0.11
7.57,7.87,0.7,0.1,7.89,7.65,1.3,0.18,7.67,7.51,1.3,0.19,7.72,7.4,1.1,0.11,7.76,7.36,0.9,0.09
7.62,7.83,0.5,0.08,7.67,7.51,1.3,0.19,7.72,7.4,1.1,0.11,7.76,7.36,0.9,0.09,7.65,7.48,1.0,0.07
7.65,7.81,0.4,0.09,7.72,7.4,1.1,0.11,7.76,7.36,0.9,0.09,7.65,7.48,1.0,0.07,7.57,7.87,0.7,0.1
7.64,7.87,0.2,0.21,7.76,7.36,0.9,0.09,7.65,7.48,1.0,0.07,7.57,7.87,0.7,0.1,7.62,7.83,0.5,0.08
7.55,8.32,0.1,0.24,7.65,7.48,1.0,0.07,7.57,7.87,0.7,0.1,7.62,7.83,0.5,0.08,7.65,7.81,0.4,0.09
7.47,8.68,0.1,0.23,7.57,7.87,0.7,0.1,7.62,7.83,0.5,0.08,7.65,7.81,0.4,0.09,7.64,7.87,0.2,0.21
7.47,8.52,0.1,0.23,7.62,7.83,0.5,0.08,7.65,7.81,0.4,0.09,7.64,7.87,0.2,0.21,7.55,8.32,0.1,0.24
7.38,8.46,1.0,0.25,7.65,7.81,0.4,0.09,7.64,7.87,0.2,0.21,7.55,8.32,0.1,0.24,7.47,8.68,0.1,0.23
7.37,8.95,1.0,0.24,7.64,7.87,0.2,0.21,7.55,8.32,0.1,0.24,7.47,8.68,0.1,0.23,7.47,8.52,0.1,0.23
7.25,9.67,1.0,0.22,7.55,8.32,0.1,0.24,7.47,8.68,0.1,0.23,7.47,8.52,0.1,0.23,7.38,8.46,1.0,0.25
7.15,9.72,1.2,0.2,7.47,8.68,0.1,0.23,7.47,8.52,0.1,0.23,7.38,8.46,1.0,0.25,7.37,8.95,1.0,0.24
7.22,9.83,1.3,0.23,7.47,8.52,0.1,0.23,7.38,8.46,1.0,0.25,7.37,8.95,1.0,0.24,7.25,9.67,1.0,0.22
7.23,10.0,1.1,0.2,7.38,8.46,1.0,0.25,7.37,8.95,1.0,0.24,7.25,9.67,1.0,0.22,7.15,9.72,1.2,0.2
7.0,9.16,1.1,0.18,7.37,8.95,1.0,0.24,7.25,9.67,1.0,0.22,7.15,9.72,1.2,0.2,7.22,9.83,1.3,0.23
6.9,7.63,1.1,0.22,7.25,9.67,1.0,0.22,7.15,9.72,1.2,0.2,7.22,9.83,1.3,0.23,7.23,10.0,1.1,0.2
6.85,6.49,1.1,0.23,7.15,9.72,1.2,0.2,7.22,9.83,1.3,0.23,7.23,10.0,1.1,0.2,7.0,9.16,1.1,0.18
6.88,6.22,1.1,0.21,7.22,9.83,1.3,0.23,7.23,10.0,1.1,0.2,7.0,9.16,1.1,0.18,6.9,7.63,1.1,0.22
6.86,5.31,1.1,0.22,7.23,10.0,1.1,0.2,7.0,9.16,1.1,0.18,6.9,7.63,1.1,0.22,6.85,6.49,1.1,0.23
7.16,7.38,1.2,0.2,7.0,9.16,1.1,0.18,6.9,7.63,1.1,0.22,6.85,6.49,1.1,0.23,6.88,6.22,1.1,0.21
7.94,11.6,0.9,0.16,6.9,7.63,1.1,0.22,6.85,6.49,1.1,0.23,6.88,6.22,1.1,0.21,6.86,5.31,1.1,0.22
8.0,12.3,1.0,0.12,6.85,6.49,1.1,0.23,6.88,6.22,1.1,0.21,6.86,5.31,1.1,0.22,7.16,7.38,1.2,0.2
7.8,12.9,1.0,0.16,6.88,6.22,1.1,0.21,6.86,5.31,1.1,0.22,7.16,7.38,1.2,0.2,7.94,11.6,0.9,0.16
7.63,9.86,1.0,0.51,6.86,5.31,1.1,0.22,7.16,7.38,1.2,0.2,7.94,11.6,0.9,0.16,8.0,12.3,1.0,0.12
7.68,9.35,1.1,0.14,7.16,7.38,1.2,0.2,7.94,11.6,0.9,0.16,8.0,12.3,1.0,0.12,7.8,12.9,1.0,0.16
7.8,9.22,1.1,0.11,7.94,11.6,0.9,0.16,8.0,12.3,1.0,0.12,7.8,12.9,1.0,0.16,7.63,9.86,1.0,0.51
7.98,9.13,1.2,0.11,8.0,12.3,1.0,0.12,7.8,12.9,1.0,0.16,7.63,9.86,1.0,0.51,7.68,9.35,1.1,0.14
8.03,8.94,1.1,0.11,7.8,12.9,1.0,0.16,7.63,9.86,1.0,0.51,7.68,9.35,1.1,0.14,7.8,9.22,1.1,0.11
7.92,9.11,1.2,0.11,7.63,9.86,1.0,0.51,7.68,9.35,1.1,0.14,7.8,9.22,1.1,0.11,7.98,9.13,1.2,0.11
7.87,9.64,0.3,0.14,7.68,9.35,1.1,0.14,7.8,9.22,1.1,0.11,7.98,9.13,1.2,0.11,8.03,8.94,1.1,0.11
8.03,10.9,0.6,0.14,7.8,9.22,1.1,0.11,7.98,9.13,1.2,0.11,8.03,8.94,1.1,0.11,7.92,9.11,1.2,0.11
8.12,11.6,1.3,0.11,7.98,9.13,1.2,0.11,8.03,8.94,1.1,0.11,7.92,9.11,1.2,0.11,7.87,9.64,0.3,0.14
8.0,10.9,1.8,0.1,8.03,8.94,1.1,0.11,7.92,9.11,1.2,0.11,7.87,9.64,0.3,0.14,8.03,10.9,0.6,0.14
8.15,11.6,1.2,0.1,7.92,9.11,1.2,0.11,7.87,9.64,0.3,0.14,8.03,10.9,0.6,0.14,8.12,11.6,1.3,0.11
8.14,11.4,0.9,0.09,7.87,9.64,0.3,0.14,8.03,10.9,0.6,0.14,8.12,11.6,1.3,0.11,8.0,10.9,1.8,0.1
8.26,9.56,1.2,0.09,8.03,10.9,0.6,0.14,8.12,11.6,1.3,0.11,8.0,10.9,1.8,0.1,8.15,11.6,1.2,0.1
8.13,9.67,1.9,0.1,8.12,11.6,1.3,0.11,8.0,10.9,1.8,0.1,8.15,11.6,1.2,0.1,8.14,11.4,0.9,0.09
8.35,10.1,1.2,0.11,8.0,10.9,1.8,0.1,8.15,11.6,1.2,0.1,8.14,11.4,0.9,0.09,8.26,9.56,1.2,0.09
8.34,7.61,0.8,0.1,8.15,11.6,1.2,0.1,8.14,11.4,0.9,0.09,8.26,9.56,1.2,0.09,8.13,9.67,1.9,0.1
8.3,7.38,1.2,0.11,8.14,11.4,0.9,0.09,8.26,9.56,1.2,0.09,8.13,9.67,1.9,0.1,8.35,10.1,1.2,0.11
8.43,7.13,0.8,0.1,8.26,9.56,1.2,0.09,8.13,9.67,1.9,0.1,8.35,10.1,1.2,0.11,8.34,7.61,0.8,0.1
8.48,7.28,1.3,0.12,8.13,9.67,1.9,0.1,8.35,10.1,1.2,0.11,8.34,7.61,0.8,0.1,8.3,7.38,1.2,0.11
7.683106796116504,7.928944444444442,1.7392510402219137,0.19441666666666668,8.35,10.1,1.2,0.11,8.34,7.61,0.8,0.1,8.3,7.38,1.2,0.11,8.43,7.13,0.8,0.1
7.683106796116504,7.928944444444442,1.7392510402219137,0.19441666666666668,8.34,7.61,0.8,0.1,8.3,7.38,1.2,0.11,8.43,7.13,0.8,0.1,8.48,7.28,1.3,0.12
8.58,6.33,4.0,0.12,8.3,7.38,1.2,0.11,8.43,7.13,0.8,0.1,8.48,7.28,1.3,0.12,7.683106796116504,7.928944444444442,1.7392510402219137,0.19441666666666668
8.63,6.59,3.1,0.14,8.43,7.13,0.8,0.1,8.48,7.28,1.3,0.12,7.683106796116504,7.928944444444442,1.7392510402219137,0.19441666666666668,7.683106796116504,7.928944444444442,1.7392510402219137,0.19441666666666668
8.58,7.01,2.2,0.14,8.48,7.28,1.3,0.12,7.683106796116504,7.928944444444442,1.7392510402219137,0.19441666666666668,7.683106796116504,7.928944444444442,1.7392510402219137,0.19441666666666668,8.58,6.33,4.0,0.12
8.4,7.71,2.2,0.1,7.683106796116504,7.928944444444442,1.7392510402219137,0.19441666666666668,7.683106796116504,7.928944444444442,1.7392510402219137,0.19441666666666668,8.58,6.33,4.0,0.12,8.63,6.59,3.1,0.14
8.3,6.74,2.8,0.08,7.683106796116504,7.928944444444442,1.7392510402219137,0.19441666666666668,8.58,6.33,4.0,0.12,8.63,6.59,3.1,0.14,8.58,7.01,2.2,0.14
6.55,5.14,2.8,0.11,8.58,6.33,4.0,0.12,8.63,6.59,3.1,0.14,8.58,7.01,2.2,0.14,8.4,7.71,2.2,0.1
7.61,5.82,4.2,0.14,8.63,6.59,3.1,0.14,8.58,7.01,2.2,0.14,8.4,7.71,2.2,0.1,8.3,6.74,2.8,0.08
7.66,6.03,3.8,0.11,8.58,7.01,2.2,0.14,8.4,7.71,2.2,0.1,8.3,6.74,2.8,0.08,6.55,5.14,2.8,0.11
7.65,6.12,2.1,0.17,8.4,7.71,2.2,0.1,8.3,6.74,2.8,0.08,6.55,5.14,2.8,0.11,7.61,5.82,4.2,0.14
7.73,6.4,2.3,0.15,8.3,6.74,2.8,0.08,6.55,5.14,2.8,0.11,7.61,5.82,4.2,0.14,7.66,6.03,3.8,0.11
7.66,6.05,3.2,0.14,6.55,5.14,2.8,0.11,7.61,5.82,4.2,0.14,7.66,6.03,3.8,0.11,7.65,6.12,2.1,0.17
7.72,6.28,2.1,0.11,7.61,5.82,4.2,0.14,7.66,6.03,3.8,0.11,7.65,6.12,2.1,0.17,7.73,6.4,2.3,0.15
7.75,6.16,1.9,0.14,7.66,6.03,3.8,0.11,7.65,6.12,2.1,0.17,7.73,6.4,2.3,0.15,7.66,6.05,3.2,0.14
7.7,6.19,1.4,0.19,7.65,6.12,2.1,0.17,7.73,6.4,2.3,0.15,7.66,6.05,3.2,0.14,7.72,6.28,2.1,0.11
7.7,6.25,1.3,0.15,7.73,6.4,2.3,0.15,7.66,6.05,3.2,0.14,7.72,6.28,2.1,0.11,7.75,6.16,1.9,0.14
7.7,6.24,1.0,0.17,7.66,6.05,3.2,0.14,7.72,6.28,2.1,0.11,7.75,6.16,1.9,0.14,7.7,6.19,1.4,0.19
7.71,5.83,1.4,0.19,7.72,6.28,2.1,0.11,7.75,6.16,1.9,0.14,7.7,6.19,1.4,0.19,7.7,6.25,1.3,0.15
7.88,6.64,1.1,0.21,7.75,6.16,1.9,0.14,7.7,6.19,1.4,0.19,7.7,6.25,1.3,0.15,7.7,6.24,1.0,0.17
7.83,6.85,1.0,0.22,7.7,6.19,1.4,0.19,7.7,6.25,1.3,0.15,7.7,6.24,1.0,0.17,7.71,5.83,1.4,0.19
7.78,6.71,1.7,0.22,7.7,6.25,1.3,0.15,7.7,6.24,1.0,0.17,7.71,5.83,1.4,0.19,7.88,6.64,1.1,0.21
7.79,7.13,1.1,0.24,7.7,6.24,1.0,0.17,7.71,5.83,1.4,0.19,7.88,6.64,1.1,0.21,7.83,6.85,1.0,0.22
7.82,7.84,0.5,0.21,7.71,5.83,1.4,0.19,7.88,6.64,1.1,0.21,7.83,6.85,1.0,0.22,7.78,6.71,1.7,0.22
7.91,7.96,0.7,0.2,7.88,6.64,1.1,0.21,7.83,6.85,1.0,0.22,7.78,6.71,1.7,0.22,7.79,7.13,1.1,0.24
7.683106796116504,7.928944444444442,1.7392510402219137,0.19441666666666668,7.83,6.85,1.0,0.22,7.78,6.71,1.7,0.22,7.79,7.13,1.1,0.24,7.82,7.84,0.5,0.21
8.05,7.95,1.2,0.11,7.78,6.71,1.7,0.22,7.79,7.13,1.1,0.24,7.82,7.84,0.5,0.21,7.91,7.96,0.7,0.2
8.03,8.29,3.1,0.29,7.79,7.13,1.1,0.24,7.82,7.84,0.5,0.21,7.91,7.96,0.7,0.2,7.683106796116504,7.928944444444442,1.7392510402219137,0.19441666666666668
8.11,8.07,1.7,0.2,7.82,7.84,0.5,0.21,7.91,7.96,0.7,0.2,7.683106796116504,7.928944444444442,1.7392510402219137,0.19441666666666668,8.05,7.95,1.2,0.11
7.74,8.45,2.2,0.16,7.91,7.96,0.7,0.2,7.683106796116504,7.928944444444442,1.7392510402219137,0.19441666666666668,8.05,7.95,1.2,0.11,8.03,8.29,3.1,0.29
7.26,8.61,1.6,0.14,7.683106796116504,7.928944444444442,1.7392510402219137,0.19441666666666668,8.05,7.95,1.2,0.11,8.03,8.29,3.1,0.29,8.11,8.07,1.7,0.2
7.89,8.53,1.5,0.16,8.05,7.95,1.2,0.11,8.03,8.29,3.1,0.29,8.11,8.07,1.7,0.2,7.74,8.45,2.2,0.16
7.98,8.49,1.2,0.15,8.03,8.29,3.1,0.29,8.11,8.07,1.7,0.2,7.74,8.45,2.2,0.16,7.26,8.61,1.6,0.14
8.06,8.77,1.2,0.14,8.11,8.07,1.7,0.2,7.74,8.45,2.2,0.16,7.26,8.61,1.6,0.14,7.89,8.53,1.5,0.16
7.97,8.69,1.3,0.14,7.74,8.45,2.2,0.16,7.26,8.61,1.6,0.14,7.89,8.53,1.5,0.16,7.98,8.49,1.2,0.15
7.88,8.65,1.3,0.14,7.26,8.61,1.6,0.14,7.89,8.53,1.5,0.16,7.98,8.49,1.2,0.15,8.06,8.77,1.2,0.14
7.77,8.64,2.0,0.17,7.89,8.53,1.5,0.16,7.98,8.49,1.2,0.15,8.06,8.77,1.2,0.14,7.97,8.69,1.3,0.14
7.75,8.72,1.5,0.16,7.98,8.49,1.2,0.15,8.06,8.77,1.2,0.14,7.97,8.69,1.3,0.14,7.88,8.65,1.3,0.14
7.65,8.53,1.9,0.17,8.06,8.77,1.2,0.14,7.97,8.69,1.3,0.14,7.88,8.65,1.3,0.14,7.77,8.64,2.0,0.17
7.61,8.43,2.1,0.14,7.97,8.69,1.3,0.14,7.88,8.65,1.3,0.14,7.77,8.64,2.0,0.17,7.75,8.72,1.5,0.16
7.683106796116504,7.928944444444442,1.7392510402219137,0.19441666666666668,7.88,8.65,1.3,0.14,7.77,8.64,2.0,0.17,7.75,8.72,1.5,0.16,7.65,8.53,1.9,0.17
7.8,7.62,2.7,0.11,7.77,8.64,2.0,0.17,7.75,8.72,1.5,0.16,7.65,8.53,1.9,0.17,7.61,8.43,2.1,0.14
8.1,6.91,2.7,0.1,7.75,8.72,1.5,0.16,7.65,8.53,1.9,0.17,7.61,8.43,2.1,0.14,7.683106796116504,7.928944444444442,1.7392510402219137,0.19441666666666668
8.18,6.9,2.1,0.11,7.65,8.53,1.9,0.17,7.61,8.43,2.1,0.14,7.683106796116504,7.928944444444442,1.7392510402219137,0.19441666666666668,7.8,7.62,2.7,0.11
8.17,6.86,1.9,0.11,7.61,8.43,2.1,0.14,7.683106796116504,7.928944444444442,1.7392510402219137,0.19441666666666668,7.8,7.62,2.7,0.11,8.1,6.91,2.7,0.1
8.14,6.96,1.4,0.15,7.683106796116504,7.928944444444442,1.7392510402219137,0.19441666666666668,7.8,7.62,2.7,0.11,8.1,6.91,2.7,0.1,8.18,6.9,2.1,0.11
8.17,7.92,1.5,0.12,7.8,7.62,2.7,0.11,8.1,6.91,2.7,0.1,8.18,6.9,2.1,0.11,8.17,6.86,1.9,0.11
7.683106796116504,7.928944444444442,1.7392510402219137,0.19441666666666668,8.1,6.91,2.7,0.1,8.18,6.9,2.1,0.11,8.17,6.86,1.9,0.11,8.14,6.96,1.4,0.15
7.56,7.33,1.7,0.14,8.18,6.9,2.1,0.11,8.17,6.86,1.9,0.11,8.14,6.96,1.4,0.15,8.17,7.92,1.5,0.12
7.69,7.75,1.8,0.08,8.17,6.86,1.9,0.11,8.14,6.96,1.4,0.15,8.17,7.92,1.5,0.12,7.683106796116504,7.928944444444442,1.7392510402219137,0.19441666666666668
7.683106796116504,7.928944444444442,1.7392510402219137,0.19441666666666668,8.14,6.96,1.4,0.15,8.17,7.92,1.5,0.12,7.683106796116504,7.928944444444442,1.7392510402219137,0.19441666666666668,7.56,7.33,1.7,0.14
7.63,6.94,1.7,0.15,8.17,7.92,1.5,0.12,7.683106796116504,7.928944444444442,1.7392510402219137,0.19441666666666668,7.56,7.33,1.7,0.14,7.69,7.75,1.8,0.08
7.64,7.78,2.4,0.18,7.683106796116504,7.928944444444442,1.7392510402219137,0.19441666666666668,7.56,7.33,1.7,0.14,7.69,7.75,1.8,0.08,7.683106796116504,7.928944444444442,1.7392510402219137,0.19441666666666668
7.65,8.02,3.3,0.23,7.56,7.33,1.7,0.14,7.69,7.75,1.8,0.08,7.683106796116504,7.928944444444442,1.7392510402219137,0.19441666666666668,7.63,6.94,1.7,0.15
7.683106796116504,7.928944444444442,1.7392510402219137,0.19441666666666668,7.69,7.75,1.8,0.08,7.683106796116504,7.928944444444442,1.7392510402219137,0.19441666666666668,7.63,6.94,1.7,0.15,7.64,7.78,2.4,0.18
7.62,8.47,3.7,0.23,7.683106796116504,7.928944444444442,1.7392510402219137,0.19441666666666668,7.63,6.94,1.7,0.15,7.64,7.78,2.4,0.18,7.65,8.02,3.3,0.23
7.6,8.68,3.4,0.21,7.63,6.94,1.7,0.15,7.64,7.78,2.4,0.18,7.65,8.02,3.3,0.23,7.683106796116504,7.928944444444442,1.7392510402219137,0.19441666666666668
7.683106796116504,7.928944444444442,1.7392510402219137,0.19441666666666668,7.64,7.78,2.4,0.18,7.65,8.02,3.3,0.23,7.683106796116504,7.928944444444442,1.7392510402219137,0.19441666666666668,7.62,8.47,3.7,0.23
7.683106796116504,7.928944444444442,1.7392510402219137,0.19441666666666668,7.65,8.02,3.3,0.23,7.683106796116504,7.928944444444442,1.7392510402219137,0.19441666666666668,7.62,8.47,3.7,0.23,7.6,8.68,3.4,0.21
7.683106796116504,7.928944444444442,1.7392510402219137,0.19441666666666668,7.683106796116504,7.928944444444442,1.7392510402219137,0.19441666666666668,7.62,8.47,3.7,0.23,7.6,8.68,3.4,0.21,7.683106796116504,7.928944444444442,1.7392510402219137,0.19441666666666668
7.683106796116504,7.928944444444442,1.7392510402219137,0.19441666666666668,7.62,8.47,3.7,0.23,7.6,8.68,3.4,0.21,7.683106796116504,7.928944444444442,1.7392510402219137,0.19441666666666668,7.683106796116504,7.928944444444442,1.7392510402219137,0.19441666666666668
7.683106796116504,7.928944444444442,1.7392510402219137,0.19441666666666668,7.6,8.68,3.4,0.21,7.683106796116504,7.928944444444442,1.7392510402219137,0.19441666666666668,7.683106796116504,7.928944444444442,1.7392510402219137,0.19441666666666668,7.683106796116504,7.928944444444442,1.7392510402219137,0.19441666666666668
7.683106796116504,7.928944444444442,1.7392510402219137,0.19441666666666668,7.683106796116504,7.928944444444442,1.7392510402219137,0.19441666666666668,7.683106796116504,7.928944444444442,1.7392510402219137,0.19441666666666668,7.683106796116504,7.928944444444442,1.7392510402219137,0.19441666666666668,7.683106796116504,7.928944444444442,1.7392510402219137,0.19441666666666668
7.683106796116504,7.928944444444442,1.7392510402219137,0.19441666666666668,7.683106796116504,7.928944444444442,1.7392510402219137,0.19441666666666668,7.683106796116504,7.928944444444442,1.7392510402219137,0.19441666666666668,7.683106796116504,7.928944444444442,1.7392510402219137,0.19441666666666668,7.683106796116504,7.928944444444442,1.7392510402219137,0.19441666666666668
7.683106796116504,7.928944444444442,1.7392510402219137,0.19441666666666668,7.683106796116504,7.928944444444442,1.7392510402219137,0.19441666666666668,7.683106796116504,7.928944444444442,1.7392510402219137,0.19441666666666668,7.683106796116504,7.928944444444442,1.7392510402219137,0.19441666666666668,7.683106796116504,7.928944444444442,1.7392510402219137,0.19441666666666668
7.683106796116504,7.928944444444442,1.7392510402219137,0.19441666666666668,7.683106796116504,7.928944444444442,1.7392510402219137,0.19441666666666668,7.683106796116504,7.928944444444442,1.7392510402219137,0.19441666666666668,7.683106796116504,7.928944444444442,1.7392510402219137,0.19441666666666668,7.683106796116504,7.928944444444442,1.7392510402219137,0.19441666666666668
7.683106796116504,7.928944444444442,1.7392510402219137,0.19441666666666668,7.683106796116504,7.928944444444442,1.7392510402219137,0.19441666666666668,7.683106796116504,7.928944444444442,1.7392510402219137,0.19441666666666668,7.683106796116504,7.928944444444442,1.7392510402219137,0.19441666666666668,7.683106796116504,7.928944444444442,1.7392510402219137,0.19441666666666668
7.683106796116504,7.928944444444442,1.7392510402219137,0.19441666666666668,7.683106796116504,7.928944444444442,1.7392510402219137,0.19441666666666668,7.683106796116504,7.928944444444442,1.7392510402219137,0.19441666666666668,7.683106796116504,7.928944444444442,1.7392510402219137,0.19441666666666668,7.683106796116504,7.928944444444442,1.7392510402219137,0.19441666666666668
7.95,8.7,1.1,0.04,7.683106796116504,7.928944444444442,1.7392510402219137,0.19441666666666668,7.683106796116504,7.928944444444442,1.7392510402219137,0.19441666666666668,7.683106796116504,7.928944444444442,1.7392510402219137,0.19441666666666668,7.683106796116504,7.928944444444442,1.7392510402219137,0.19441666666666668
7.683106796116504,7.928944444444442,1.7392510402219137,0.19441666666666668,7.683106796116504,7.928944444444442,1.7392510402219137,0.19441666666666668,7.683106796116504,7.928944444444442,1.7392510402219137,0.19441666666666668,7.683106796116504,7.928944444444442,1.7392510402219137,0.19441666666666668,7.683106796116504,7.928944444444442,1.7392510402219137,0.19441666666666668
7.87,8.35,1.9,0.11,7.683106796116504,7.928944444444442,1.7392510402219137,0.19441666666666668,7.683106796116504,7.928944444444442,1.7392510402219137,0.19441666666666668,7.683106796116504,7.928944444444442,1.7392510402219137,0.19441666666666668,7.95,8.7,1.1,0.04
8.24,8.56,2.0,0.09,7.683106796116504,7.928944444444442,1.7392510402219137,0.19441666666666668,7.683106796116504,7.928944444444442,1.7392510402219137,0.19441666666666668,7.95,8.7,1.1,0.04,7.683106796116504,7.928944444444442,1.7392510402219137,0.19441666666666668
8.1,9.16,1.9,0.07,7.683106796116504,7.928944444444442,1.7392510402219137,0.19441666666666668,7.95,8.7,1.1,0.04,7.683106796116504,7.928944444444442,1.7392510402219137,0.19441666666666668,7.87,8.35,1.9,0.11
7.683106796116504,7.928944444444442,1.7392510402219137,0.19441666666666668,7.95,8.7,1.1,0.04,7.683106796116504,7.928944444444442,1.7392510402219137,0.19441666666666668,7.87,8.35,1.9,0.11,8.24,8.56,2.0,0.09
7.683106796116504,7.928944444444442,1.7392510402219137,0.19441666666666668,7.683106796116504,7.928944444444442,1.7392510402219137,0.19441666666666668,7.87,8.35,1.9,0.11,8.24,8.56,2.0,0.09,8.1,9.16,1.9,0.07
7.72,8.59,2.0,0.09,7.87,8.35,1.9,0.11,8.24,8.56,2.0,0.09,8.1,9.16,1.9,0.07,7.683106796116504,7.928944444444442,1.7392510402219137,0.19441666666666668
7.78,9.1,1.3,0.09,8.24,8.56,2.0,0.09,8.1,9.16,1.9,0.07,7.683106796116504,7.928944444444442,1.7392510402219137,0.19441666666666668,7.683106796116504,7.928944444444442,1.7392510402219137,0.19441666666666668
7.683106796116504,7.928944444444442,1.7392510402219137,0.19441666666666668,8.1,9.16,1.9,0.07,7.683106796116504,7.928944444444442,1.7392510402219137,0.19441666666666668,7.683106796116504,7.928944444444442,1.7392510402219137,0.19441666666666668,7.72,8.59,2.0,0.09
7.98,10.0,1.2,0.06,7.683106796116504,7.928944444444442,1.7392510402219137,0.19441666666666668,7.683106796116504,7.928944444444442,1.7392510402219137,0.19441666666666668,7.72,8.59,2.0,0.09,7.78,9.1,1.3,0.09
8.02,9.59,1.2,0.09,7.683106796116504,7.928944444444442,1.7392510402219137,0.19441666666666668,7.72,8.59,2.0,0.09,7.78,9.1,1.3,0.09,7.683106796116504,7.928944444444442,1.7392510402219137,0.19441666666666668
7.683106796116504,7.928944444444442,1.7392510402219137,0.19441666666666668,7.72,8.59,2.0,0.09,7.78,9.1,1.3,0.09,7.683106796116504,7.928944444444442,1.7392510402219137,0.19441666666666668,7.98,10.0,1.2,0.06
7.84,10.0,1.2,0.06,7.78,9.1,1.3,0.09,7.683106796116504,7.928944444444442,1.7392510402219137,0.19441666666666668,7.98,10.0,1.2,0.06,8.02,9.59,1.2,0.09
7.683106796116504,7.928944444444442,1.7392510402219137,0.19441666666666668,7.683106796116504,7.928944444444442,1.7392510402219137,0.19441666666666668,7.98,10.0,1.2,0.06,8.02,9.59,1.2,0.09,7.683106796116504,7.928944444444442,1.7392510402219137,0.19441666666666668
7.683106796116504,7.928944444444442,1.7392510402219137,0.19441666666666668,7.98,10.0,1.2,0.06,8.02,9.59,1.2,0.09,7.683106796116504,7.928944444444442,1.7392510402219137,0.19441666666666668,7.84,10.0,1.2,0.06
8.18,11.5,1.1,0.09,8.02,9.59,1.2,0.09,7.683106796116504,7.928944444444442,1.7392510402219137,0.19441666666666668,7.84,10.0,1.2,0.06,7.683106796116504,7.928944444444442,1.7392510402219137,0.19441666666666668
7.683106796116504,7.928944444444442,1.7392510402219137,0.19441666666666668,7.683106796116504,7.928944444444442,1.7392510402219137,0.19441666666666668,7.84,10.0,1.2,0.06,7.683106796116504,7.928944444444442,1.7392510402219137,0.19441666666666668,7.683106796116504,7.928944444444442,1.7392510402219137,0.19441666666666668
7.683106796116504,7.928944444444442,1.7392510402219137,0.19441666666666668,7.84,10.0,1.2,0.06,7.683106796116504,7.928944444444442,1.7392510402219137,0.19441666666666668,7.683106796116504,7.928944444444442,1.7392510402219137,0.19441666666666668,8.18,11.5,1.1,0.09
8.44,10.0,1.4,0.08,7.683106796116504,7.928944444444442,1.7392510402219137,0.19441666666666668,7.683106796116504,7.928944444444442,1.7392510402219137,0.19441666666666668,8.18,11.5,1.1,0.09,7.683106796116504,7.928944444444442,1.7392510402219137,0.19441666666666668
8.23,9.78,2.2,0.11,7.683106796116504,7.928944444444442,1.7392510402219137,0.19441666666666668,8.18,11.5,1.1,0.09,7.683106796116504,7.928944444444442,1.7392510402219137,0.19441666666666668,7.683106796116504,7.928944444444442,1.7392510402219137,0.19441666666666668
7.683106796116504,7.928944444444442,1.7392510402219137,0.19441666666666668,8.18,11.5,1.1,0.09,7.683106796116504,7.928944444444442,1.7392510402219137,0.19441666666666668,7.683106796116504,7.928944444444442,1.7392510402219137,0.19441666666666668,8.44,10.0,1.4,0.08
8.45,9.42,1.4,0.03,7.683106796116504,7.928944444444442,1.7392510402219137,0.19441666666666668,7.683106796116504,7.928944444444442,1.7392510402219137,0.19441666666666668,8.44,10.0,1.4,0.08,8.23,9.78,2.2,0.11
8.22,8.95,1.8,0.09,7.683106796116504,7.928944444444442,1.7392510402219137,0.19441666666666668,8.44,10.0,1.4,0.08,8.23,9.78,2.2,0.11,7.683106796116504,7.928944444444442,1.7392510402219137,0.19441666666666668
7.94,9.62,1.5,0.08,8.44,10.0,1.4,0.08,8.23,9.78,2.2,0.11,7.683106796116504,7.928944444444442,1.7392510402219137,0.19441666666666668,8.45,9.42,1.4,0.03
8.42,8.89,1.5,0.09,8.23,9.78,2.2,0.11,7.683106796116504,7.928944444444442,1.7392510402219137,0.19441666666666668,8.45,9.42,1.4,0.03,8.22,8.95,1.8,0.09
8.35,9.39,1.5,0.05,7.683106796116504,7.928944444444442,1.7392510402219137,0.19441666666666668,8.45,9.42,1.4,0.03,8.22,8.95,1.8,0.09,7.94,9.62,1.5,0.08
8.32,8.97,1.3,0.1,8.45,9.42,1.4,0.03,8.22,8.95,1.8,0.09,7.94,9.62,1.5,0.08,8.42,8.89,1.5,0.09
7.62,8.54,1.5,0.09,8.22,8.95,1.8,0.09,7.94,9.62,1.5,0.08,8.42,8.89,1.5,0.09,8.35,9.39,1.5,0.05
7.76,8.24,1.7,0.07,7.94,9.62,1.5,0.08,8.42,8.89,1.5,0.09,8.35,9.39,1.5,0.05,8.32,8.97,1.3,0.1
7.7,8.02,1.8,0.09,8.42,8.89,1.5,0.09,8.35,9.39,1.5,0.05,8.32,8.97,1.3,0.1,7.62,8.54,1.5,0.09
7.64,7.91,1.8,0.17,8.35,9.39,1.5,0.05,8.32,8.97,1.3,0.1,7.62,8.54,1.5,0.09,7.76,8.24,1.7,0.07
7.683106796116504,7.928944444444442,1.7392510402219137,0.19441666666666668,8.32,8.97,1.3,0.1,7.62,8.54,1.5,0.09,7.76,8.24,1.7,0.07,7.7,8.02,1.8,0.09
7.99,7.84,1.8,0.11,7.62,8.54,1.5,0.09,7.76,8.24,1.7,0.07,7.7,8.02,1.8,0.09,7.64,7.91,1.8,0.17
7.683106796116504,7.928944444444442,1.7392510402219137,0.19441666666666668,7.76,8.24,1.7,0.07,7.7,8.02,1.8,0.09,7.64,7.91,1.8,0.17,7.683106796116504,7.928944444444442,1.7392510402219137,0.19441666666666668
7.74,7.56,1.6,0.09,7.7,8.02,1.8,0.09,7.64,7.91,1.8,0.17,7.683106796116504,7.928944444444442,1.7392510402219137,0.19441666666666668,7.99,7.84,1.8,0.11
7.683106796116504,7.928944444444442,1.7392510402219137,0.19441666666666668,7.64,7.91,1.8,0.17,7.683106796116504,7.928944444444442,1.7392510402219137,0.19441666666666668,7.99,7.84,1.8,0.11,7.683106796116504,7.928944444444442,1.7392510402219137,0.19441666666666668
7.683106796116504,7.928944444444442,1.7392510402219137,0.19441666666666668,7.683106796116504,7.928944444444442,1.7392510402219137,0.19441666666666668,7.99,7.84,1.8,0.11,7.683106796116504,7.928944444444442,1.7392510402219137,0.19441666666666668,7.74,7.56,1.6,0.09
7.683106796116504,7.928944444444442,1.7392510402219137,0.19441666666666668,7.99,7.84,1.8,0.11,7.683106796116504,7.928944444444442,1.7392510402219137,0.19441666666666668,7.74,7.56,1.6,0.09,7.683106796116504,7.928944444444442,1.7392510402219137,0.19441666666666668
7.683106796116504,7.928944444444442,1.7392510402219137,0.19441666666666668,7.683106796116504,7.928944444444442,1.7392510402219137,0.19441666666666668,7.74,7.56,1.6,0.09,7.683106796116504,7.928944444444442,1.7392510402219137,0.19441666666666668,7.683106796116504,7.928944444444442,1.7392510402219137,0.19441666666666668
7.683106796116504,7.928944444444442,1.7392510402219137,0.19441666666666668,7.74,7.56,1.6,0.09,7.683106796116504,7.928944444444442,1.7392510402219137,0.19441666666666668,7.683106796116504,7.928944444444442,1.7392510402219137,0.19441666666666668,7.683106796116504,7.928944444444442,1.7392510402219137,0.19441666666666668
7.683106796116504,7.928944444444442,1.7392510402219137,0.19441666666666668,7.683106796116504,7.928944444444442,1.7392510402219137,0.19441666666666668,7.683106796116504,7.928944444444442,1.7392510402219137,0.19441666666666668,7.683106796116504,7.928944444444442,1.7392510402219137,0.19441666666666668,7.683106796116504,7.928944444444442,1.7392510402219137,0.19441666666666668
7.69,6.51,1.9,0.28,7.683106796116504,7.928944444444442,1.7392510402219137,0.19441666666666668,7.683106796116504,7.928944444444442,1.7392510402219137,0.19441666666666668,7.683106796116504,7.928944444444442,1.7392510402219137,0.19441666666666668,7.683106796116504,7.928944444444442,1.7392510402219137,0.19441666666666668
7.82,6.82,2.1,0.25,7.683106796116504,7.928944444444442,1.7392510402219137,0.19441666666666668,7.683106796116504,7.928944444444442,1.7392510402219137,0.19441666666666668,7.683106796116504,7.928944444444442,1.7392510402219137,0.19441666666666668,7.683106796116504,7.928944444444442,1.7392510402219137,0.19441666666666668
7.683106796116504,7.928944444444442,1.7392510402219137,0.19441666666666668,7.683106796116504,7.928944444444442,1.7392510402219137,0.19441666666666668,7.683106796116504,7.928944444444442,1.7392510402219137,0.19441666666666668,7.683106796116504,7.928944444444442,1.7392510402219137,0.19441666666666668,7.69,6.51,1.9,0.28
7.683106796116504,7.928944444444442,1.7392510402219137,0.19441666666666668,7.683106796116504,7.928944444444442,1.7392510402219137,0.19441666666666668,7.683106796116504,7.928944444444442,1.7392510402219137,0.19441666666666668,7.69,6.51,1.9,0.28,7.82,6.82,2.1,0.25
7.683106796116504,7.928944444444442,1.7392510402219137,0.19441666666666668,7.683106796116504,7.928944444444442,1.7392510402219137,0.19441666666666668,7.69,6.51,1.9,0.28,7.82,6.82,2.1,0.25,7.683106796116504,7.928944444444442,1.7392510402219137,0.19441666666666668
7.64,6.2,2.3,0.32,7.69,6.51,1.9,0.28,7.82,6.82,2.1,0.25,7.683106796116504,7.928944444444442,1.7392510402219137,0.19441666666666668,7.683106796116504,7.928944444444442,1.7392510402219137,0.19441666666666668
7.683106796116504,7.928944444444442,1.7392510402219137,0.19441666666666668,7.82,6.82,2.1,0.25,7.683106796116504,7.928944444444442,1.7392510402219137,0.19441666666666668,7.683106796116504,7.928944444444442,1.7392510402219137,0.19441666666666668,7.683106796116504,7.928944444444442,1.7392510402219137,0.19441666666666668
7.94,7.22,2.8,0.31,7.683106796116504,7.928944444444442,1.7392510402219137,0.19441666666666668,7.683106796116504,7.928944444444442,1.7392510402219137,0.19441666666666668,7.683106796116504,7.928944444444442,1.7392510402219137,0.19441666666666668,7.64,6.2,2.3,0.32
7.683106796116504,7.928944444444442,1.7392510402219137,0.19441666666666668,7.683106796116504,7.928944444444442,1.7392510402219137,0.19441666666666668,7.683106796116504,7.928944444444442,1.7392510402219137,0.19441666666666668,7.64,6.2,2.3,0.32,7.683106796116504,7.928944444444442,1.7392510402219137,0.19441666666666668
7.683106796116504,7.928944444444442,1.7392510402219137,0.19441666666666668,7.683106796116504,7.928944444444442,1.7392510402219137,0.19441666666666668,7.64,6.2,2.3,0.32,7.683106796116504,7.928944444444442,1.7392510402219137,0.19441666666666668,7.94,7.22,2.8,0.31
7.683106796116504,7.928944444444442,1.7392510402219137,0.19441666666666668,7.64,6.2,2.3,0.32,7.683106796116504,7.928944444444442,1.7392510402219137,0.19441666666666668,7.94,7.22,2.8,0.31,7.683106796116504,7.928944444444442,1.7392510402219137,0.19441666666666668
7.683106796116504,7.928944444444442,1.7392510402219137,0.19441666666666668,7.683106796116504,7.928944444444442,1.7392510402219137,0.19441666666666668,7.94,7.22,2.8,0.31,7.683106796116504,7.928944444444442,1.7392510402219137,0.19441666666666668,7.683106796116504,7.928944444444442,1.7392510402219137,0.19441666666666668
7.683106796116504,7.928944444444442,1.7392510402219137,0.19441666666666668,7.94,7.22,2.8,0.31,7.683106796116504,7.928944444444442,1.7392510402219137,0.19441666666666668,7.683106796116504,7.928944444444442,1.7392510402219137,0.19441666666666668,7.683106796116504,7.928944444444442,1.7392510402219137,0.19441666666666668
8.0,8.2,1.8,0.15,7.683106796116504,7.928944444444442,1.7392510402219137,0.19441666666666668,7.683106796116504,7.928944444444442,1.7392510402219137,0.19441666666666668,7.683106796116504,7.928944444444442,1.7392510402219137,0.19441666666666668,7.683106796116504,7.928944444444442,1.7392510402219137,0.19441666666666668
8.03,8.52,1.6,0.14,7.683106796116504,7.928944444444442,1.7392510402219137,0.19441666666666668,7.683106796116504,7.928944444444442,1.7392510402219137,0.19441666666666668,7.683106796116504,7.928944444444442,1.7392510402219137,0.19441666666666668,7.683106796116504,7.928944444444442,1.7392510402219137,0.19441666666666668
8.04,8.48,1.6,0.18,7.683106796116504,7.928944444444442,1.7392510402219137,0.19441666666666668,7.683106796116504,7.928944444444442,1.7392510402219137,0.19441666666666668,7.683106796116504,7.928944444444442,1.7392510402219137,0.19441666666666668,8.0,8.2,1.8,0.15
7.683106796116504,7.928944444444442,1.7392510402219137,0.19441666666666668,7.683106796116504,7.928944444444442,1.7392510402219137,0.19441666666666668,7.683106796116504,7.928944444444442,1.7392510402219137,0.19441666666666668,8.0,8.2,1.8,0.15,8.03,8.52,1.6,0.14
7.683106796116504,7.928944444444442,1.7392510402219137,0.19441666666666668,7.683106796116504,7.928944444444442,1.7392510402219137,0.19441666666666668,8.0,8.2,1.8,0.15,8.03,8.52,1.6,0.14,8.04,8.48,1.6,0.18
7.683106796116504,7.928944444444442,1.7392510402219137,0.19441666666666668,8.0,8.2,1.8,0.15,8.03,8.52,1.6,0.14,8.04,8.48,1.6,0.18,7.683106796116504,7.928944444444442,1.7392510402219137,0.19441666666666668
7.683106796116504,7.928944444444442,1.7392510402219137,0.19441666666666668,8.03,8.52,1.6,0.14,8.04,8.48,1.6,0.18,7.683106796116504,7.928944444444442,1.7392510402219137,0.19441666666666668,7.683106796116504,7.928944444444442,1.7392510402219137,0.19441666666666668
7.74,9.19,1.8,0.18,8.04,8.48,1.6,0.18,7.683106796116504,7.928944444444442,1.7392510402219137,0.19441666666666668,7.683106796116504,7.928944444444442,1.7392510402219137,0.19441666666666668,7.683106796116504,7.928944444444442,1.7392510402219137,0.19441666666666668
8.03,11.1,1.9,0.19,7.683106796116504,7.928944444444442,1.7392510402219137,0.19441666666666668,7.683106796116504,7.928944444444442,1.7392510402219137,0.19441666666666668,7.683106796116504,7.928944444444442,1.7392510402219137,0.19441666666666668,7.683106796116504,7.928944444444442,1.7392510402219137,0.19441666666666668
